Frequencies in Hz of real neurons

0.342777777777778
2.81777777777778
1.82166666666667
3.75555555555556
0.804761904761905
0.439285714285714
0.685317460317460
1.61190476190476
0.640873015873016
0.935317460317460
0.919437147324228
2.77458329292118
0.251479084976376
0.231349206349206
0.949400994440498
1.64087301587302
0.980582726471221
0.425555547842024
2.58835651241131
1.92686407391039
2.39045584045584
1.88888888888889
3.69507272865738
1.04952720175346
2.36449871705321
1.43642629765068
2.02821405499578
1.06518873191678
0.740555396897344
