Frequencies of 900 simulated neurons

0.662500000000000
0.602916666666667
0.621666666666667
0.542500000000000
0.567500000000000
0.508750000000000
0.570416666666667
0.535833333333333
0.618333333333333
0.555416666666667
0.635000000000000
0.579583333333333
0.707083333333333
0.717916666666667
0.850833333333333
0.785833333333333
0.930833333333333
0.850416666666667
1.04333333333333
0.977083333333333
1.15166666666667
1.05666666666667
1.20125000000000
1.06958333333333
1.27375000000000
1.10083333333333
1.29541666666667
1.09791666666667
1.19833333333333
0.933750000000000
0.640000000000000
0.632916666666667
0.622500000000000
0.577916666666667
0.560000000000000
0.571666666666667
0.605833333333333
0.632500000000000
0.687083333333333
0.689166666666667
0.715833333333333
0.697500000000000
0.783750000000000
0.817916666666667
0.910000000000000
0.922083333333333
0.916250000000000
0.927500000000000
0.962500000000000
1.01708333333333
1.06000000000000
1.11541666666667
1.12750000000000
1.13000000000000
1.12166666666667
1.18416666666667
1.11041666666667
1.20750000000000
1.02125000000000
1.02500000000000
0.615416666666667
0.608333333333333
0.619583333333333
0.572083333333333
0.605416666666667
0.585416666666667
0.670000000000000
0.683333333333333
0.789166666666667
0.743333333333333
0.818333333333333
0.773333333333333
0.885416666666667
0.892916666666667
0.983750000000000
0.920416666666667
0.965000000000000
0.859583333333333
0.929583333333333
0.893750000000000
0.943750000000000
0.954583333333333
1.01375000000000
0.945000000000000
1.04000000000000
0.953333333333333
1.00625000000000
0.945000000000000
0.971666666666667
0.806250000000000
0.587916666666667
0.623333333333333
0.627083333333333
0.626666666666667
0.637083333333333
0.655833333333333
0.739583333333333
0.806666666666667
0.874166666666667
0.917083333333333
0.917083333333333
0.919166666666667
0.959166666666667
1.02833333333333
1.02833333333333
1.01416666666667
0.919583333333333
0.871250000000000
0.797500000000000
0.805416666666667
0.775416666666667
0.845833333333333
0.826250000000000
0.831666666666667
0.789166666666667
0.839166666666667
0.773333333333333
0.832083333333333
0.726666666666667
0.709583333333333
0.538333333333333
0.604166666666667
0.592916666666667
0.592916666666667
0.606250000000000
0.641666666666667
0.710833333333333
0.799583333333333
0.860416666666667
0.906666666666667
0.892083333333333
0.910833333333333
0.919583333333333
0.980416666666667
0.942083333333333
0.918333333333333
0.835833333333333
0.777083333333333
0.703333333333333
0.692500000000000
0.649583333333333
0.696666666666667
0.670000000000000
0.660833333333333
0.661666666666667
0.650833333333333
0.620416666666667
0.638750000000000
0.617500000000000
0.551250000000000
0.565416666666667
0.558750000000000
0.612916666666667
0.593333333333333
0.635833333333333
0.656250000000000
0.714583333333333
0.798333333333333
0.822916666666667
0.870416666666667
0.857916666666667
0.850416666666667
0.839583333333333
0.882500000000000
0.837500000000000
0.830833333333333
0.730416666666667
0.705000000000000
0.599583333333333
0.620000000000000
0.558333333333333
0.593333333333333
0.551666666666667
0.568750000000000
0.508750000000000
0.535833333333333
0.505416666666667
0.539583333333333
0.507500000000000
0.475000000000000
0.469583333333333
0.517083333333333
0.519166666666667
0.548750000000000
0.541250000000000
0.591666666666667
0.601666666666667
0.646250000000000
0.680000000000000
0.721250000000000
0.714583333333333
0.721250000000000
0.706250000000000
0.725833333333333
0.684166666666667
0.683333333333333
0.635000000000000
0.551666666666667
0.535416666666667
0.494583333333333
0.504583333333333
0.476250000000000
0.510000000000000
0.466250000000000
0.516250000000000
0.458750000000000
0.497500000000000
0.483333333333333
0.522500000000000
0.428750000000000
0.430833333333333
0.424166666666667
0.480416666666667
0.463333333333333
0.522083333333333
0.534166666666667
0.540833333333333
0.566250000000000
0.562500000000000
0.587916666666667
0.606250000000000
0.604166666666667
0.585000000000000
0.582083333333333
0.556666666666667
0.575833333333333
0.487083333333333
0.478750000000000
0.412083333333333
0.447083333333333
0.420833333333333
0.463333333333333
0.423750000000000
0.455833333333333
0.435833333333333
0.449583333333333
0.442916666666667
0.485000000000000
0.457083333333333
0.443333333333333
0.403750000000000
0.422083333333333
0.428333333333333
0.459166666666667
0.467916666666667
0.522916666666667
0.481666666666667
0.481666666666667
0.509166666666667
0.505000000000000
0.519166666666667
0.515416666666667
0.505416666666667
0.511250000000000
0.499166666666667
0.490000000000000
0.472500000000000
0.420416666666667
0.425000000000000
0.409166666666667
0.435833333333333
0.437500000000000
0.455833333333333
0.450416666666667
0.493750000000000
0.440000000000000
0.493333333333333
0.487083333333333
0.532916666666667
0.445416666666667
0.360000000000000
0.342500000000000
0.371666666666667
0.368333333333333
0.435000000000000
0.431250000000000
0.432083333333333
0.429166666666667
0.442500000000000
0.451250000000000
0.452083333333333
0.457083333333333
0.440833333333333
0.484166666666667
0.452500000000000
0.466250000000000
0.435000000000000
0.422500000000000
0.416666666666667
0.448750000000000
0.431666666666667
0.477083333333333
0.460000000000000
0.501666666666667
0.462916666666667
0.487500000000000
0.464166666666667
0.530416666666667
0.487083333333333
0.454583333333333
0.332500000000000
0.342916666666667
0.305416666666667
0.338333333333333
0.355000000000000
0.399583333333333
0.392500000000000
0.390000000000000
0.426666666666667
0.426666666666667
0.426250000000000
0.425833333333333
0.455000000000000
0.464583333333333
0.485000000000000
0.499166666666667
0.540416666666667
0.520833333333333
0.531250000000000
0.517916666666667
0.557916666666667
0.572916666666667
0.610000000000000
0.555416666666667
0.595416666666667
0.505833333333333
0.512083333333333
0.490833333333333
0.487083333333333
0.433750000000000
0.301250000000000
0.302916666666667
0.287500000000000
0.304166666666667
0.333333333333333
0.359166666666667
0.354166666666667
0.378333333333333
0.395833333333333
0.429583333333333
0.428750000000000
0.444166666666667
0.442500000000000
0.491250000000000
0.481250000000000
0.559166666666667
0.570416666666667
0.608333333333333
0.565416666666667
0.600416666666667
0.598333333333333
0.673750000000000
0.638333333333333
0.658750000000000
0.563750000000000
0.579166666666667
0.465000000000000
0.509166666666667
0.418750000000000
0.441250000000000
0.305000000000000
0.308333333333333
0.291250000000000
0.335833333333333
0.348333333333333
0.387916666666667
0.380416666666667
0.404166666666667
0.430833333333333
0.477500000000000
0.481666666666667
0.507500000000000
0.509583333333333
0.534583333333333
0.550000000000000
0.614583333333333
0.685000000000000
0.697083333333333
0.710000000000000
0.687083333333333
0.726250000000000
0.748750000000000
0.747916666666667
0.678333333333333
0.677916666666667
0.562916666666667
0.506666666666667
0.447916666666667
0.456250000000000
0.393333333333333
0.309166666666667
0.317500000000000
0.325416666666667
0.370833333333333
0.405416666666667
0.434583333333333
0.459166666666667
0.495833333333333
0.521666666666667
0.571666666666667
0.578750000000000
0.597083333333333
0.577083333333333
0.594166666666667
0.575833333333333
0.661666666666667
0.696250000000000
0.731666666666667
0.722500000000000
0.747083333333333
0.748333333333333
0.771666666666667
0.743750000000000
0.735000000000000
0.658333333333333
0.627916666666667
0.507500000000000
0.498750000000000
0.432500000000000
0.431666666666667
0.350416666666667
0.394583333333333
0.392916666666667
0.477083333333333
0.496250000000000
0.583750000000000
0.560000000000000
0.598333333333333
0.630416666666667
0.704583333333333
0.685416666666667
0.677500000000000
0.635000000000000
0.647916666666667
0.610416666666667
0.640416666666667
0.679166666666667
0.683333333333333
0.710833333333333
0.711250000000000
0.711666666666667
0.680416666666667
0.665833333333333
0.634583333333333
0.619583333333333
0.530833333333333
0.492083333333333
0.446250000000000
0.449583333333333
0.385833333333333
0.382500000000000
0.391666666666667
0.450000000000000
0.511250000000000
0.616250000000000
0.654166666666667
0.710416666666667
0.715000000000000
0.774166666666667
0.821250000000000
0.843333333333333
0.747916666666667
0.722916666666667
0.656250000000000
0.620000000000000
0.597083333333333
0.590000000000000
0.592916666666667
0.619166666666667
0.631250000000000
0.610833333333333
0.577500000000000
0.547916666666667
0.513333333333333
0.497916666666667
0.452916666666667
0.397083333333333
0.384583333333333
0.339583333333333
0.342916666666667
0.387500000000000
0.447083333333333
0.460000000000000
0.569166666666667
0.635416666666667
0.737500000000000
0.730000000000000
0.766250000000000
0.765416666666667
0.835833333333333
0.778750000000000
0.764583333333333
0.672500000000000
0.670833333333333
0.597500000000000
0.575833333333333
0.566250000000000
0.534583333333333
0.547916666666667
0.527083333333333
0.522083333333333
0.492083333333333
0.462083333333333
0.443750000000000
0.447916666666667
0.382916666666667
0.367916666666667
0.327916666666667
0.352500000000000
0.311250000000000
0.422083333333333
0.441666666666667
0.509166666666667
0.529166666666667
0.641250000000000
0.660833333333333
0.735000000000000
0.716666666666667
0.753333333333333
0.722916666666667
0.732083333333333
0.670000000000000
0.656250000000000
0.609583333333333
0.563750000000000
0.536250000000000
0.518750000000000
0.496250000000000
0.485000000000000
0.468333333333333
0.433750000000000
0.439166666666667
0.424583333333333
0.410416666666667
0.380833333333333
0.364166666666667
0.310833333333333
0.307500000000000
0.291250000000000
0.293333333333333
0.405416666666667
0.454166666666667
0.488333333333333
0.519583333333333
0.572500000000000
0.651666666666667
0.634583333333333
0.676666666666667
0.646666666666667
0.683333333333333
0.613750000000000
0.607083333333333
0.564583333333333
0.559583333333333
0.500000000000000
0.492083333333333
0.476250000000000
0.460416666666667
0.442916666666667
0.405416666666667
0.409583333333333
0.405000000000000
0.406250000000000
0.400416666666667
0.396250000000000
0.345000000000000
0.322083333333333
0.297916666666667
0.325416666666667
0.287500000000000
0.410833333333333
0.420000000000000
0.475416666666667
0.447916666666667
0.515416666666667
0.480000000000000
0.547500000000000
0.532083333333333
0.572916666666667
0.520833333333333
0.537500000000000
0.472083333333333
0.489166666666667
0.446250000000000
0.462500000000000
0.425000000000000
0.439166666666667
0.411666666666667
0.425000000000000
0.395416666666667
0.403750000000000
0.406666666666667
0.425833333333333
0.401250000000000
0.410833333333333
0.394166666666667
0.321250000000000
0.311250000000000
0.312083333333333
0.321250000000000
0.410416666666667
0.451250000000000
0.447083333333333
0.479166666666667
0.457083333333333
0.513750000000000
0.484166666666667
0.519583333333333
0.515833333333333
0.527500000000000
0.468333333333333
0.472916666666667
0.441250000000000
0.476250000000000
0.459166666666667
0.452916666666667
0.461666666666667
0.462083333333333
0.474583333333333
0.444583333333333
0.461250000000000
0.471666666666667
0.479583333333333
0.480833333333333
0.512916666666667
0.440000000000000
0.411250000000000
0.363750000000000
0.397500000000000
0.362083333333333
0.402083333333333
0.424166666666667
0.444166666666667
0.435833333333333
0.453333333333333
0.453750000000000
0.466666666666667
0.469166666666667
0.473333333333333
0.475833333333333
0.486250000000000
0.466666666666667
0.477500000000000
0.483333333333333
0.507500000000000
0.512916666666667
0.531250000000000
0.532083333333333
0.533333333333333
0.546250000000000
0.531250000000000
0.556666666666667
0.532500000000000
0.557083333333333
0.539583333333333
0.522916666666667
0.427916666666667
0.436666666666667
0.388333333333333
0.426250000000000
0.392083333333333
0.438333333333333
0.426250000000000
0.460000000000000
0.447083333333333
0.480416666666667
0.464583333333333
0.476250000000000
0.492083333333333
0.495000000000000
0.517916666666667
0.513333333333333
0.552083333333333
0.607500000000000
0.632916666666667
0.612500000000000
0.659166666666667
0.615416666666667
0.691666666666667
0.645416666666667
0.650833333333333
0.603750000000000
0.607916666666667
0.573333333333333
0.602916666666667
0.529166666666667
0.517083333333333
0.464583333333333
0.485416666666667
0.427916666666667
0.397916666666667
0.397500000000000
0.438750000000000
0.425833333333333
0.454583333333333
0.448750000000000
0.493750000000000
0.486666666666667
0.531250000000000
0.514583333333333
0.579583333333333
0.547083333333333
0.665000000000000
0.680833333333333
0.776250000000000
0.747916666666667
0.790000000000000
0.768750000000000
0.797916666666667
0.799166666666667
0.767083333333333
0.720833333333333
0.673750000000000
0.625416666666667
0.586666666666667
0.575833333333333
0.505416666666667
0.554166666666667
0.485000000000000
0.484166666666667
0.480000000000000
0.521250000000000
0.533750000000000
0.548333333333333
0.563333333333333
0.599583333333333
0.640000000000000
0.626250000000000
0.662083333333333
0.635416666666667
0.688750000000000
0.687916666666667
0.792083333333333
0.860000000000000
0.926666666666667
0.907916666666667
0.930416666666667
0.887500000000000
0.931250000000000
0.881250000000000
0.860833333333333
0.766666666666667
0.722500000000000
0.627500000000000
0.621666666666667
0.560833333333333
0.545833333333333
0.552083333333333
0.529583333333333
0.493333333333333
0.558750000000000
0.593750000000000
0.650833333333333
0.615416666666667
0.671250000000000
0.687083333333333
0.739166666666667
0.723333333333333
0.736666666666667
0.719166666666667
0.761250000000000
0.756250000000000
0.865000000000000
0.903333333333333
1.01291666666667
0.990000000000000
1.02500000000000
0.960416666666667
0.963333333333333
0.923750000000000
0.918333333333333
0.843333333333333
0.789583333333333
0.699166666666667
0.651666666666667
0.614166666666667
0.588750000000000
0.635833333333333
0.602083333333333
0.587083333333333
0.702500000000000
0.823750000000000
0.797500000000000
0.832500000000000
0.838750000000000
0.885416666666667
0.900833333333333
0.887500000000000
0.866666666666667
0.830833333333333
0.841666666666667
0.843750000000000
0.887500000000000
0.967083333333333
0.957500000000000
1
0.961666666666667
0.931250000000000
0.873333333333333
0.863333333333333
0.816666666666667
0.798750000000000
0.712500000000000
0.654166666666667
0.610000000000000
0.579166666666667
0.570416666666667
0.615833333333333
0.621250000000000
0.602500000000000
0.888333333333333
0.925833333333333
1.04375000000000
0.969583333333333
1.04250000000000
1.03416666666667
1.07625000000000
1.04291666666667
1.00333333333333
0.954166666666667
0.937916666666667
0.895416666666667
0.908333333333333
0.917916666666667
0.957916666666667
0.937500000000000
0.913750000000000
0.858333333333333
0.810833333333333
0.780833333333333
0.740416666666667
0.726666666666667
0.681666666666667
0.626250000000000
0.584166666666667
0.583333333333333
0.565000000000000
0.623750000000000
0.626666666666667
0.627916666666667
0.952916666666667
1.14666666666667
1.08708333333333
1.17458333333333
1.07791666666667
1.22416666666667
1.08250000000000
1.14000000000000
1.03000000000000
1.02583333333333
0.927083333333333
0.968750000000000
0.885000000000000
0.910833333333333
0.832916666666667
0.890000000000000
0.768333333333333
0.766666666666667
0.666666666666667
0.684583333333333
0.599583333333333
0.650833333333333
0.580833333333333
0.581666666666667
0.535416666666667
0.571250000000000
0.529166666666667
0.605833333333333
0.600000000000000
0.645833333333333
1.04708333333333
1.02625000000000
1.13000000000000
1.06791666666667
1.12500000000000
1.07291666666667
1.08166666666667
1.03750000000000
0.977500000000000
0.956250000000000
0.915000000000000
0.911666666666667
0.852083333333333
0.844166666666667
0.818750000000000
0.789583333333333
0.710833333333333
0.693333333333333
0.630000000000000
0.646666666666667
0.604166666666667
0.635833333333333
0.586250000000000
0.575416666666667
0.554583333333333
0.562916666666667
0.552500000000000
0.631666666666667
0.626250000000000
0.667083333333333
