12-00-00_01-01-2000,-60.0,-64.53,18.1055,0.0000
12-00-00_01-01-2000,-60.0,-63.03,18.1051,0.0000
12-00-00_01-01-2000,-60.0,-61.53,18.1078,0.0000
12-00-00_01-01-2000,-60.0,-60.03,18.1074,0.0000
12-00-00_01-01-2000,-60.0,-58.53,18.1072,0.0000
12-00-00_01-01-2000,-60.0,-57.03,18.1011,0.0000
12-00-00_01-01-2000,-60.0,-55.53,18.1009,0.0000
12-00-00_01-01-2000,-60.0,-54.03,18.0948,0.0000
12-00-00_01-01-2000,-60.0,-52.53,18.0915,0.0000
12-00-00_01-01-2000,-42.0,-64.53,6.36625,0.0000
12-00-00_01-01-2000,-42.0,-63.03,6.06271,0.0000
12-00-00_01-01-2000,-42.0,-61.53,6.04886,0.0000
12-00-00_01-01-2000,-42.0,-60.03,6.05343,0.0000
12-00-00_01-01-2000,-42.0,-58.53,6.06075,0.0000
12-00-00_01-01-2000,-42.0,-57.03,6.05363,0.0000
12-00-00_01-01-2000,-42.0,-55.53,6.0466,0.0000
12-00-00_01-01-2000,-42.0,-54.03,6.07535,0.0000
12-00-00_01-01-2000,-42.0,-52.53,6.06722,0.0000
12-00-00_01-01-2000,-25.0,-64.53,4.41858,0.0000
12-00-00_01-01-2000,-25.0,-63.03,4.63864,0.0000
12-00-00_01-01-2000,-25.0,-61.53,4.60537,0.0000
12-00-00_01-01-2000,-25.0,-60.03,4.66754,0.0000
12-00-00_01-01-2000,-25.0,-58.53,4.70584,0.0000
12-00-00_01-01-2000,-25.0,-57.03,4.72748,0.0000
12-00-00_01-01-2000,-25.0,-55.53,4.76207,0.0000
12-00-00_01-01-2000,-25.0,-54.03,4.7714,0.0000
12-00-00_01-01-2000,-25.0,-52.53,4.78402,0.0000
12-00-00_01-01-2000,-7.0,-64.53,6.77077,0.0000
12-00-00_01-01-2000,-7.0,-63.03,6.25754,0.0000
12-00-00_01-01-2000,-7.0,-61.53,6.80749,0.0000
12-00-00_01-01-2000,-7.0,-60.03,3.901,0.0000
12-00-00_01-01-2000,-7.0,-58.53,3.68896,0.0000
12-00-00_01-01-2000,-7.0,-57.03,3.41217,0.0000
12-00-00_01-01-2000,-7.0,-55.53,3.06835,0.0000
12-00-00_01-01-2000,-7.0,-54.03,2.58711,0.0000
12-00-00_01-01-2000,-7.0,-52.53,2.59973,0.0000
12-00-00_01-01-2000,10.0,-64.53,1000.34,0.0000
12-00-00_01-01-2000,10.0,-63.03,1000.03,0.0000
12-00-00_01-01-2000,10.0,-61.53,4.07235,0.0000
12-00-00_01-01-2000,10.0,-60.03,3.86132,0.0000
12-00-00_01-01-2000,10.0,-58.53,3.53703,0.0000
12-00-00_01-01-2000,10.0,-57.03,3.23929,0.0000
12-00-00_01-01-2000,10.0,-55.53,2.84866,0.0000
12-00-00_01-01-2000,10.0,-54.03,2.31945,0.0000
12-00-00_01-01-2000,10.0,-52.53,2.04346,0.0000
12-00-00_01-01-2000,27.0,-64.53,1000.33,0.0000
12-00-00_01-01-2000,27.0,-63.03,1000.03,0.0000
12-00-00_01-01-2000,27.0,-61.53,1000.03,0.0000
12-00-00_01-01-2000,27.0,-60.03,1000.02,0.0000
12-00-00_01-01-2000,27.0,-58.53,3.83591,0.0000
12-00-00_01-01-2000,27.0,-57.03,3.67333,0.0000
12-00-00_01-01-2000,27.0,-55.53,3.5376,0.0000
12-00-00_01-01-2000,27.0,-54.03,3.38445,0.0000
12-00-00_01-01-2000,27.0,-52.53,3.20009,0.0000
12-00-00_01-01-2000,45.0,-64.53,1000.34,0.0000
12-00-00_01-01-2000,45.0,-63.03,1000.03,0.0000
12-00-00_01-01-2000,45.0,-61.53,1000.03,0.0000
12-00-00_01-01-2000,45.0,-60.03,1000.02,0.0000
12-00-00_01-01-2000,45.0,-58.53,1000.01,0.0000
12-00-00_01-01-2000,45.0,-57.03,1000.02,0.0000
12-00-00_01-01-2000,45.0,-55.53,3.65339,0.0000
12-00-00_01-01-2000,45.0,-54.03,3.55206,0.0000
12-00-00_01-01-2000,45.0,-52.53,3.46836,0.0000
12-00-00_01-01-2000,62.0,-64.53,1000.34,0.0000
12-00-00_01-01-2000,62.0,-63.03,1000.03,0.0000
12-00-00_01-01-2000,62.0,-61.53,1000.04,0.0000
12-00-00_01-01-2000,62.0,-60.03,1000.02,0.0000
12-00-00_01-01-2000,62.0,-58.53,1000.01,0.0000
12-00-00_01-01-2000,62.0,-57.03,1000.02,0.0000
12-00-00_01-01-2000,62.0,-55.53,3.73286,0.0000
12-00-00_01-01-2000,62.0,-54.03,3.65115,0.0000
12-00-00_01-01-2000,62.0,-52.53,3.56573,0.0000
12-00-00_01-01-2000,80.0,-64.53,1000.34,0.0000
12-00-00_01-01-2000,80.0,-63.03,1000.04,0.0000
12-00-00_01-01-2000,80.0,-61.53,1000.03,0.0000
12-00-00_01-01-2000,80.0,-60.03,1000.02,0.0000
12-00-00_01-01-2000,80.0,-58.53,1000.02,0.0000
12-00-00_01-01-2000,80.0,-57.03,1000.01,0.0000
12-00-00_01-01-2000,80.0,-55.53,1000.02,0.0000
12-00-00_01-01-2000,80.0,-54.03,1000.01,0.0000
12-00-00_01-01-2000,80.0,-52.53,1000.02,0.0000
