12-00-00_01-01-2000,-60.0,-66.53,19.5992,0.0000
12-00-00_01-01-2000,-60.0,-64.53,18.1055,0.0000
12-00-00_01-01-2000,-60.0,-62.53,18.1051,0.0000
12-00-00_01-01-2000,-60.0,-60.53,18.1076,0.0000
12-00-00_01-01-2000,-60.0,-58.53,18.1072,0.0000
12-00-00_01-01-2000,-60.0,-56.53,18.1011,0.0000
12-00-00_01-01-2000,-60.0,-54.53,18.0977,0.0000
12-00-00_01-01-2000,-60.0,-52.53,18.0915,0.0000
12-00-00_01-01-2000,-60.0,-50.53,18.0854,0.0000
12-00-00_01-01-2000,-42.0,-66.53,6.35386,0.0000
12-00-00_01-01-2000,-42.0,-64.53,6.36625,0.0000
12-00-00_01-01-2000,-42.0,-62.53,6.05753,0.0000
12-00-00_01-01-2000,-42.0,-60.53,6.05477,0.0000
12-00-00_01-01-2000,-42.0,-58.53,6.06075,0.0000
12-00-00_01-01-2000,-42.0,-56.53,6.05995,0.0000
12-00-00_01-01-2000,-42.0,-54.53,6.07087,0.0000
12-00-00_01-01-2000,-42.0,-52.53,6.06635,0.0000
12-00-00_01-01-2000,-42.0,-50.53,6.08068,0.0000
12-00-00_01-01-2000,-25.0,-66.53,8.11524,0.0000
12-00-00_01-01-2000,-25.0,-64.53,4.41858,0.0000
12-00-00_01-01-2000,-25.0,-62.53,4.54803,0.0000
12-00-00_01-01-2000,-25.0,-60.53,4.65291,0.0000
12-00-00_01-01-2000,-25.0,-58.53,4.70616,0.0000
12-00-00_01-01-2000,-25.0,-56.53,4.74788,0.0000
12-00-00_01-01-2000,-25.0,-54.53,4.75099,0.0000
12-00-00_01-01-2000,-25.0,-52.53,4.78237,0.0000
12-00-00_01-01-2000,-25.0,-50.53,4.78466,0.0000
12-00-00_01-01-2000,-7.0,-66.53,13.948,0.0000
12-00-00_01-01-2000,-7.0,-64.53,6.77077,0.0000
12-00-00_01-01-2000,-7.0,-62.53,6.58654,0.0000
12-00-00_01-01-2000,-7.0,-60.53,6.91348,0.0000
12-00-00_01-01-2000,-7.0,-58.53,3.68896,0.0000
12-00-00_01-01-2000,-7.0,-56.53,3.28379,0.0000
12-00-00_01-01-2000,-7.0,-54.53,2.81213,0.0000
12-00-00_01-01-2000,-7.0,-52.53,2.60194,0.0000
12-00-00_01-01-2000,-7.0,-50.53,3.02737,0.0000
12-00-00_01-01-2000,10.0,-66.53,20.0,0.0000
12-00-00_01-01-2000,10.0,-64.53,20.0,0.0000
12-00-00_01-01-2000,10.0,-62.53,20.0,0.0000
12-00-00_01-01-2000,10.0,-60.53,3.97413,0.0000
12-00-00_01-01-2000,10.0,-58.53,3.53034,0.0000
12-00-00_01-01-2000,10.0,-56.53,3.032,0.0000
12-00-00_01-01-2000,10.0,-54.53,2.46506,0.0000
12-00-00_01-01-2000,10.0,-52.53,2.03744,0.0000
12-00-00_01-01-2000,10.0,-50.53,1.65156,0.0000
12-00-00_01-01-2000,27.0,-66.53,20.0,0.0000
12-00-00_01-01-2000,27.0,-64.53,20.0,0.0000
12-00-00_01-01-2000,27.0,-62.53,20.0,0.0000
12-00-00_01-01-2000,27.0,-60.53,20.0,0.0000
12-00-00_01-01-2000,27.0,-58.53,3.83415,0.0000
12-00-00_01-01-2000,27.0,-56.53,3.63489,0.0000
12-00-00_01-01-2000,27.0,-54.53,3.4054,0.0000
12-00-00_01-01-2000,27.0,-52.53,3.20412,0.0000
12-00-00_01-01-2000,27.0,-50.53,2.88884,0.0000
12-00-00_01-01-2000,45.0,-66.53,20.0,0.0000
12-00-00_01-01-2000,45.0,-64.53,20.0,0.0000
12-00-00_01-01-2000,45.0,-62.53,20.0,0.0000
12-00-00_01-01-2000,45.0,-60.53,20.0,0.0000
12-00-00_01-01-2000,45.0,-58.53,20.0,0.0000
12-00-00_01-01-2000,45.0,-56.53,20.0,0.0000
12-00-00_01-01-2000,45.0,-54.53,3.61309,0.0000
12-00-00_01-01-2000,45.0,-52.53,3.47137,0.0000
12-00-00_01-01-2000,45.0,-50.53,3.28285,0.0000
12-00-00_01-01-2000,62.0,-66.53,20.0,0.0000
12-00-00_01-01-2000,62.0,-64.53,20.0,0.0000
12-00-00_01-01-2000,62.0,-62.53,20.0,0.0000
12-00-00_01-01-2000,62.0,-60.53,20.0,0.0000
12-00-00_01-01-2000,62.0,-58.53,20.0,0.0000
12-00-00_01-01-2000,62.0,-56.53,20.0,0.0000
12-00-00_01-01-2000,62.0,-54.53,3.67476,0.0000
12-00-00_01-01-2000,62.0,-52.53,3.56537,0.0000
12-00-00_01-01-2000,62.0,-50.53,3.43487,0.0000
12-00-00_01-01-2000,80.0,-66.53,20.0,0.0000
12-00-00_01-01-2000,80.0,-64.53,20.0,0.0000
12-00-00_01-01-2000,80.0,-62.53,20.0,0.0000
12-00-00_01-01-2000,80.0,-60.53,20.0,0.0000
12-00-00_01-01-2000,80.0,-58.53,20.0,0.0000
12-00-00_01-01-2000,80.0,-56.53,20.0,0.0000
12-00-00_01-01-2000,80.0,-54.53,20.0,0.0000
12-00-00_01-01-2000,80.0,-52.53,20.0,0.0000
12-00-00_01-01-2000,80.0,-50.53,3.49702,0.0000
