12-00-00_01-01-2000,0.0,-66.53,20,0.0000
12-00-00_01-01-2000,0.0,-64.53,20,0.0000
12-00-00_01-01-2000,0.0,-62.53,20,0.0000
12-00-00_01-01-2000,0.0,-60.53,20,0.0000
12-00-00_01-01-2000,0.0,-58.53,20,0.0000
12-00-00_01-01-2000,0.0,-56.53,20,0.0000
12-00-00_01-01-2000,0.0,-54.53,20,0.0000
12-00-00_01-01-2000,0.0,-52.53,20,0.0000
12-00-00_01-01-2000,0.0,-50.53,20,0.0000
12-00-00_01-01-2000,37.0,-66.53,15.0215,0.0000
12-00-00_01-01-2000,37.0,-64.53,7.50943,0.0000
12-00-00_01-01-2000,37.0,-62.53,7.55205,0.0000
12-00-00_01-01-2000,37.0,-60.53,7.71767,0.0000
12-00-00_01-01-2000,37.0,-58.53,4.24172,0.0000
12-00-00_01-01-2000,37.0,-56.53,4.42314,0.0000
12-00-00_01-01-2000,37.0,-54.53,4.44549,0.0000
12-00-00_01-01-2000,37.0,-52.53,4.43753,0.0000
12-00-00_01-01-2000,37.0,-50.53,4.42846,0.0000
12-00-00_01-01-2000,75.0,-66.53,14.366,0.0000
12-00-00_01-01-2000,75.0,-64.53,6.39559,0.0000
12-00-00_01-01-2000,75.0,-62.53,4.18757,0.0000
12-00-00_01-01-2000,75.0,-60.53,7.25434,0.0000
12-00-00_01-01-2000,75.0,-58.53,3.39768,0.0000
12-00-00_01-01-2000,75.0,-56.53,2.9308,0.0000
12-00-00_01-01-2000,75.0,-54.53,3.29785,0.0000
12-00-00_01-01-2000,75.0,-52.53,3.43782,0.0000
12-00-00_01-01-2000,75.0,-50.53,3.48578,0.0000
12-00-00_01-01-2000,118.0,-66.53,20.0,0.0000
12-00-00_01-01-2000,118.0,-64.53,6.87758,0.0000
12-00-00_01-01-2000,118.0,-62.53,4.17499,0.0000
12-00-00_01-01-2000,118.0,-60.53,6.30918,0.0000
12-00-00_01-01-2000,118.0,-58.53,3.0113,0.0000
12-00-00_01-01-2000,118.0,-56.53,2.96284,0.0000
12-00-00_01-01-2000,118.0,-54.53,2.82769,0.0000
12-00-00_01-01-2000,118.0,-52.53,2.29925,0.0000
12-00-00_01-01-2000,118.0,-50.53,2.20901,0.0000
12-00-00_01-01-2000,150.0,-66.53,20.0,0.0000
12-00-00_01-01-2000,150.0,-64.53,20.0,0.0000
12-00-00_01-01-2000,150.0,-62.53,6.73734,0.0000
12-00-00_01-01-2000,150.0,-60.53,3.76508,0.0000
12-00-00_01-01-2000,150.0,-58.53,3.20411,0.0000
12-00-00_01-01-2000,150.0,-56.53,2.60739,0.0000
12-00-00_01-01-2000,150.0,-54.53,2.50869,0.0000
12-00-00_01-01-2000,150.0,-52.53,2.47681,0.0000
12-00-00_01-01-2000,150.0,-50.53,2.24706,0.0000
12-00-00_01-01-2000,187.0,-66.53,20.0,0.0000
12-00-00_01-01-2000,187.0,-64.53,7.47197,0.0000
12-00-00_01-01-2000,187.0,-62.53,7.20924,0.0000
12-00-00_01-01-2000,187.0,-60.53,3.98698,0.0000
12-00-00_01-01-2000,187.0,-58.53,3.43664,0.0000
12-00-00_01-01-2000,187.0,-56.53,3.00179,0.0000
12-00-00_01-01-2000,187.0,-54.53,2.4657,0.0000
12-00-00_01-01-2000,187.0,-52.53,2.18277,0.0000
12-00-00_01-01-2000,187.0,-50.53,2.05776,0.0000
12-00-00_01-01-2000,225.0,-66.53,20.0,0.0000
12-00-00_01-01-2000,225.0,-64.53,7.43719,0.0000
12-00-00_01-01-2000,225.0,-62.53,7.29107,0.0000
12-00-00_01-01-2000,225.0,-60.53,4.24287,0.0000
12-00-00_01-01-2000,225.0,-58.53,3.6198,0.0000
12-00-00_01-01-2000,225.0,-56.53,3.28276,0.0000
12-00-00_01-01-2000,225.0,-54.53,2.82183,0.0000
12-00-00_01-01-2000,225.0,-52.53,2.59633,0.0000
12-00-00_01-01-2000,225.0,-50.53,2.56205,0.0000
12-00-00_01-01-2000,262.0,-66.53,20.0,0.0000
12-00-00_01-01-2000,262.0,-64.53,7.42003,0.0000
12-00-00_01-01-2000,262.0,-62.53,4.34672,0.0000
12-00-00_01-01-2000,262.0,-60.53,4.22567,0.0000
12-00-00_01-01-2000,262.0,-58.53,3.932,0.0000
12-00-00_01-01-2000,262.0,-56.53,3.40732,0.0000
12-00-00_01-01-2000,262.0,-54.53,3.10466,0.0000
12-00-00_01-01-2000,262.0,-52.53,2.81032,0.0000
12-00-00_01-01-2000,262.0,-50.53,2.82833,0.0000
12-00-00_01-01-2000,300.0,-66.53,20.0,0.0000
12-00-00_01-01-2000,300.0,-64.53,7.37869,0.0000
12-00-00_01-01-2000,300.0,-62.53,7.34568,0.0000
12-00-00_01-01-2000,300.0,-60.53,4.19752,0.0000
12-00-00_01-01-2000,300.0,-58.53,4.00715,0.0000
12-00-00_01-01-2000,300.0,-56.53,3.7034,0.0000
12-00-00_01-01-2000,300.0,-54.53,3.21356,0.0000
12-00-00_01-01-2000,300.0,-52.53,2.97625,0.0000
12-00-00_01-01-2000,300.0,-50.53,3.0117,0.0000
