12-00-00_01-01-2000,-65.0,-66.53,19.8125,0.0000
12-00-00_01-01-2000,-65.0,-64.53,18.348,0.0000
12-00-00_01-01-2000,-65.0,-62.53,18.3261,0.0000
12-00-00_01-01-2000,-65.0,-60.53,18.3233,0.0000
12-00-00_01-01-2000,-65.0,-58.53,18.3253,0.0000
12-00-00_01-01-2000,-65.0,-56.53,18.3201,0.0000
12-00-00_01-01-2000,-65.0,-54.53,18.3146,0.0000
12-00-00_01-01-2000,-65.0,-52.53,18.3119,0.0000
12-00-00_01-01-2000,-65.0,-50.53,18.3066,0.0000
12-00-00_01-01-2000,-41.0,-66.53,6.4506,0.0000
12-00-00_01-01-2000,-41.0,-64.53,6.34563,0.0000
12-00-00_01-01-2000,-41.0,-62.53,6.03655,0.0000
12-00-00_01-01-2000,-41.0,-60.53,6.06428,0.0000
12-00-00_01-01-2000,-41.0,-58.53,6.0604,0.0000
12-00-00_01-01-2000,-41.0,-56.53,6.04028,0.0000
12-00-00_01-01-2000,-41.0,-54.53,6.14232,0.0000
12-00-00_01-01-2000,-41.0,-52.53,6.05591,0.0000
12-00-00_01-01-2000,-41.0,-50.53,6.06036,0.0000
12-00-00_01-01-2000,-18.0,-66.53,11.9727,0.0000
12-00-00_01-01-2000,-18.0,-64.53,4.49828,0.0000
12-00-00_01-01-2000,-18.0,-62.53,4.34279,0.0000
12-00-00_01-01-2000,-18.0,-60.53,7.68573,0.0000
12-00-00_01-01-2000,-18.0,-58.53,4.12162,0.0000
12-00-00_01-01-2000,-18.0,-56.53,3.26242,0.0000
12-00-00_01-01-2000,-18.0,-54.53,4.15877,0.0000
12-00-00_01-01-2000,-18.0,-52.53,4.50615,0.0000
12-00-00_01-01-2000,-18.0,-50.53,4.50315,0.0000
12-00-00_01-01-2000,0.0,-66.53,20.0,0.0000
12-00-00_01-01-2000,0.0,-64.53,6.87758,0.0000
12-00-00_01-01-2000,0.0,-62.53,4.17356,0.0000
12-00-00_01-01-2000,0.0,-60.53,6.30969,0.0000
12-00-00_01-01-2000,0.0,-58.53,3.01227,0.0000
12-00-00_01-01-2000,0.0,-56.53,2.96205,0.0000
12-00-00_01-01-2000,0.0,-54.53,2.82945,0.0000
12-00-00_01-01-2000,0.0,-52.53,2.30402,0.0000
12-00-00_01-01-2000,0.0,-50.53,2.20299,0.0000
12-00-00_01-01-2000,27.0,-66.53,20.0,0.0000
12-00-00_01-01-2000,27.0,-64.53,20.0,0.0000
12-00-00_01-01-2000,27.0,-62.53,20.0,0.0000
12-00-00_01-01-2000,27.0,-60.53,20.0,0.0000
12-00-00_01-01-2000,27.0,-58.53,3.83415,0.0000
12-00-00_01-01-2000,27.0,-56.53,3.6379,0.0000
12-00-00_01-01-2000,27.0,-54.53,3.40841,0.0000
12-00-00_01-01-2000,27.0,-52.53,3.20412,0.0000
12-00-00_01-01-2000,27.0,-50.53,2.88583,0.0000
12-00-00_01-01-2000,50.0,-66.53,20.0,0.0000
12-00-00_01-01-2000,50.0,-64.53,20.0,0.0000
12-00-00_01-01-2000,50.0,-62.53,20.0,0.0000
12-00-00_01-01-2000,50.0,-60.53,20.0,0.0000
12-00-00_01-01-2000,50.0,-58.53,20.0,0.0000
12-00-00_01-01-2000,50.0,-56.53,20.0,0.0000
12-00-00_01-01-2000,50.0,-54.53,3.63133,0.0000
12-00-00_01-01-2000,50.0,-52.53,3.48556,0.0000
12-00-00_01-01-2000,50.0,-50.53,3.33113,0.0000
12-00-00_01-01-2000,73.0,-66.53,20.0,0.0000
12-00-00_01-01-2000,73.0,-64.53,20.0,0.0000
12-00-00_01-01-2000,73.0,-62.53,20.0,0.0000
12-00-00_01-01-2000,73.0,-60.53,20.0,0.0000
12-00-00_01-01-2000,73.0,-58.53,20.0,0.0000
12-00-00_01-01-2000,73.0,-56.53,20.0,0.0000
12-00-00_01-01-2000,73.0,-54.53,3.70505,0.0000
12-00-00_01-01-2000,73.0,-52.53,3.57122,0.0000
12-00-00_01-01-2000,73.0,-50.53,3.48715,0.0000
12-00-00_01-01-2000,96.0,-66.53,20.0,0.0000
12-00-00_01-01-2000,96.0,-64.53,7.3442,0.0000
12-00-00_01-01-2000,96.0,-62.53,20.0,0.0000
12-00-00_01-01-2000,96.0,-60.53,20.0,0.0000
12-00-00_01-01-2000,96.0,-58.53,20.0,0.0000
12-00-00_01-01-2000,96.0,-56.53,20.0,0.0000
12-00-00_01-01-2000,96.0,-54.53,20.0,0.0000
12-00-00_01-01-2000,96.0,-52.53,20.0,0.0000
12-00-00_01-01-2000,96.0,-50.53,20.0,0.0000
12-00-00_01-01-2000,120.0,-66.53,20,0.0000
12-00-00_01-01-2000,120.0,-64.53,7.48072,0.0000
12-00-00_01-01-2000,120.0,-62.53,11.7722,0.0000
12-00-00_01-01-2000,120.0,-60.53,12.4755,0.0000
12-00-00_01-01-2000,120.0,-58.53,20.0,0.0000
12-00-00_01-01-2000,120.0,-56.53,20.0,0.0000
12-00-00_01-01-2000,120.0,-54.53,20.0,0.0000
12-00-00_01-01-2000,120.0,-52.53,20.0,0.0000
12-00-00_01-01-2000,120.0,-50.53,20.0,0.0000
