12-00-00_01-01-2000,30.0,1.78,4.34143,0.0000
12-00-00_01-01-2000,30.0,4.1238,4.38673,0.0000
12-00-00_01-01-2000,30.0,6.4675,4.53295,0.0000
12-00-00_01-01-2000,30.0,9.01,4.60192,0.0000
12-00-00_01-01-2000,30.0,11.155,4.80645,0.0000
12-00-00_01-01-2000,30.0,13.4988,20.0,0.0000
12-00-00_01-01-2000,30.0,15.8425,20.0,0.0000
12-00-00_01-01-2000,30.0,18.1862,20.0,0.0000
12-00-00_01-01-2000,30.0,20.53,20.0,0.0000
12-00-00_01-01-2000,47.0,1.78,3.60351,0.0000
12-00-00_01-01-2000,47.0,4.1238,3.58717,0.0000
12-00-00_01-01-2000,47.0,6.4675,3.58431,0.0000
12-00-00_01-01-2000,47.0,9.01,3.51144,0.0000
12-00-00_01-01-2000,47.0,11.155,3.97771,0.0000
12-00-00_01-01-2000,47.0,13.4988,20.0,0.0000
12-00-00_01-01-2000,47.0,15.8425,20.0,0.0000
12-00-00_01-01-2000,47.0,18.1862,20.0,0.0000
12-00-00_01-01-2000,47.0,20.53,20.0,0.0000
12-00-00_01-01-2000,65.0,1.78,2.71139,0.0000
12-00-00_01-01-2000,65.0,4.1238,2.86082,0.0000
12-00-00_01-01-2000,65.0,6.4675,3.0062,0.0000
12-00-00_01-01-2000,65.0,9.01,3.20104,0.0000
12-00-00_01-01-2000,65.0,11.155,3.72576,0.0000
12-00-00_01-01-2000,65.0,13.4988,20.0,0.0000
12-00-00_01-01-2000,65.0,15.8425,15.4057,0.0000
12-00-00_01-01-2000,65.0,18.1862,20.0,0.0000
12-00-00_01-01-2000,65.0,20.53,20.0,0.0000
12-00-00_01-01-2000,82.0,1.78,2.79471,0.0000
12-00-00_01-01-2000,82.0,4.1238,3.07577,0.0000
12-00-00_01-01-2000,82.0,6.4675,3.261,0.0000
12-00-00_01-01-2000,82.0,9.01,3.44404,0.0000
12-00-00_01-01-2000,82.0,11.155,3.80693,0.0000
12-00-00_01-01-2000,82.0,13.4988,7.49498,0.0000
12-00-00_01-01-2000,82.0,15.8425,14.8387,0.0000
12-00-00_01-01-2000,82.0,18.1862,20.0,0.0000
12-00-00_01-01-2000,82.0,20.53,20.0,0.0000
12-00-00_01-01-2000,100.0,1.78,2.76649,0.0000
12-00-00_01-01-2000,100.0,4.1238,2.88314,0.0000
12-00-00_01-01-2000,100.0,6.4675,3.09845,0.0000
12-00-00_01-01-2000,100.0,9.01,3.30399,0.0000
12-00-00_01-01-2000,100.0,11.155,3.80237,0.0000
12-00-00_01-01-2000,100.0,13.4988,20.0,0.0000
12-00-00_01-01-2000,100.0,15.8425,20.0,0.0000
12-00-00_01-01-2000,100.0,18.1862,20.0,0.0000
12-00-00_01-01-2000,100.0,20.53,16.6829,0.0000
12-00-00_01-01-2000,118.0,1.78,2.49269,0.0000
12-00-00_01-01-2000,118.0,4.1238,2.60175,0.0000
12-00-00_01-01-2000,118.0,6.4675,2.73179,0.0000
12-00-00_01-01-2000,118.0,9.01,3.01439,0.0000
12-00-00_01-01-2000,118.0,11.155,3.14752,0.0000
12-00-00_01-01-2000,118.0,13.4988,7.19635,0.0000
12-00-00_01-01-2000,118.0,15.8425,20.0,0.0000
12-00-00_01-01-2000,118.0,18.1862,20.0,0.0000
12-00-00_01-01-2000,118.0,20.53,16.0525,0.0000
12-00-00_01-01-2000,135.0,1.78,2.47185,0.0000
12-00-00_01-01-2000,135.0,4.1238,2.61047,0.0000
12-00-00_01-01-2000,135.0,6.4675,2.74581,0.0000
12-00-00_01-01-2000,135.0,9.01,2.90882,0.0000
12-00-00_01-01-2000,135.0,11.155,3.20716,0.0000
12-00-00_01-01-2000,135.0,13.4988,7.02587,0.0000
12-00-00_01-01-2000,135.0,15.8425,20.0,0.0000
12-00-00_01-01-2000,135.0,18.1862,20.0,0.0000
12-00-00_01-01-2000,135.0,20.53,15.8919,0.0000
12-00-00_01-01-2000,152.0,1.78,2.79364,0.0000
12-00-00_01-01-2000,152.0,4.1238,2.91722,0.0000
12-00-00_01-01-2000,152.0,6.4675,3.09023,0.0000
12-00-00_01-01-2000,152.0,9.01,3.26115,0.0000
12-00-00_01-01-2000,152.0,11.155,6.61887,0.0000
12-00-00_01-01-2000,152.0,13.4988,20.0,0.0000
12-00-00_01-01-2000,152.0,15.8425,20.0,0.0000
12-00-00_01-01-2000,152.0,18.1862,20.0,0.0000
12-00-00_01-01-2000,152.0,20.53,15.5935,0.0000
12-00-00_01-01-2000,170.0,1.78,3.00963,0.0000
12-00-00_01-01-2000,170.0,4.1238,3.11948,0.0000
12-00-00_01-01-2000,170.0,6.4675,3.24271,0.0000
12-00-00_01-01-2000,170.0,9.01,3.40186,0.0000
12-00-00_01-01-2000,170.0,11.155,3.73704,0.0000
12-00-00_01-01-2000,170.0,13.4988,20.0,0.0000
12-00-00_01-01-2000,170.0,15.8425,20.0,0.0000
12-00-00_01-01-2000,170.0,18.1862,13.6551,0.0000
12-00-00_01-01-2000,170.0,20.53,20.0,0.0000
