5-23-30_4-12-2023,-65.0,-28.5001,0.000000,NaN
5-35-60_4-12-2023,-65.0,-25.7293,0.000000,NaN
5-48-29_4-12-2023,-65.0,-22.9584,0.000000,NaN
6-1-25_4-12-2023,-65.0,-20.1876,0.000000,NaN
6-13-58_4-12-2023,-65.0,-17.4168,0.000000,NaN
6-26-34_4-12-2023,-65.0,-14.6459,0.000000,NaN
6-39-10_4-12-2023,-65.0,-11.8751,0.000000,NaN
6-52-9_4-12-2023,-65.0,-9.1042,0.000000,NaN
7-4-54_4-12-2023,-65.0,-6.3334,0.000000,NaN
7-17-23_4-12-2023,-50.0,-28.5001,0.000000,NaN
7-29-53_4-12-2023,-50.0,-25.7293,0.000000,NaN
7-42-27_4-12-2023,-50.0,-22.9584,0.000000,NaN
7-55-5_4-12-2023,-50.0,-20.1876,0.000000,NaN
8-7-41_4-12-2023,-50.0,-17.4168,0.000000,NaN
8-20-19_4-12-2023,-50.0,-14.6459,0.000000,NaN
8-33-1_4-12-2023,-50.0,-11.8751,0.000000,NaN
8-45-43_4-12-2023,-50.0,-9.1042,0.000000,NaN
8-58-27_4-12-2023,-50.0,-6.3334,0.000000,NaN
9-10-56_4-12-2023,-35.0,-28.5001,0.000000,NaN
9-23-27_4-12-2023,-35.0,-25.7293,0.000000,NaN
9-35-57_4-12-2023,-35.0,-22.9584,0.000000,NaN
9-48-33_4-12-2023,-35.0,-20.1876,0.000000,NaN
10-1-13_4-12-2023,-35.0,-17.4168,0.000000,NaN
10-13-48_4-12-2023,-35.0,-14.6459,0.000000,NaN
10-26-28_4-12-2023,-35.0,-11.8751,0.000000,NaN
10-39-11_4-12-2023,-35.0,-9.1042,0.000000,NaN
10-51-55_4-12-2023,-35.0,-6.3334,0.000000,NaN
11-4-22_4-12-2023,-20.0,-28.5001,0.000000,NaN
11-16-48_4-12-2023,-20.0,-25.7293,0.000000,NaN
11-29-17_4-12-2023,-20.0,-22.9584,0.000000,NaN
11-41-49_4-12-2023,-20.0,-20.1876,0.000000,NaN
11-54-20_4-12-2023,-20.0,-17.4168,0.000000,NaN
0-6-54_4-13-2023,-20.0,-14.6459,0.000000,NaN
0-19-29_4-13-2023,-20.0,-11.8751,0.000000,NaN
0-32-3_4-13-2023,-20.0,-9.1042,0.000000,NaN
0-44-35_4-13-2023,-20.0,-6.3334,0.000000,NaN
0-57-1_4-13-2023,-5.0,-28.5001,0.000000,NaN
1-9-26_4-13-2023,-5.0,-25.7293,0.000000,NaN
1-21-49_4-13-2023,-5.0,-22.9584,0.000000,NaN
1-34-12_4-13-2023,-5.0,-20.1876,0.000000,NaN
1-46-38_4-13-2023,-5.0,-17.4168,0.000000,NaN
1-59-8_4-13-2023,-5.0,-14.6459,0.000000,NaN
2-11-42_4-13-2023,-5.0,-11.8751,0.000000,NaN
2-24-10_4-13-2023,-5.0,-9.1042,0.107412,-0.210554
2-36-37_4-13-2023,-5.0,-6.3334,0.004860,-0.107654
2-49-3_4-13-2023,3.0,-28.5001,0.000000,NaN
3-1-26_4-13-2023,3.0,-25.7293,0.000000,NaN
3-13-48_4-13-2023,3.0,-22.9584,0.000000,NaN
3-26-13_4-13-2023,3.0,-20.1876,0.000000,NaN
3-38-41_4-13-2023,3.0,-17.4168,0.059390,-0.308044
3-51-9_4-13-2023,3.0,-14.6459,0.035975,-0.836049
4-3-39_4-13-2023,3.0,-11.8751,0.167096,0.257185
4-16-1_4-13-2023,3.0,-9.1042,0.039640,-0.491536
4-28-20_4-13-2023,3.0,-6.3334,0.000000,-0.291504
4-40-40_4-13-2023,25.0,-28.5001,0.123961,-0.341534
4-52-59_4-13-2023,25.0,-25.7293,0.079822,-0.111270
5-5-17_4-13-2023,25.0,-22.9584,0.078031,-0.453315
5-17-36_4-13-2023,25.0,-20.1876,0.128746,-0.056677
5-29-55_4-13-2023,25.0,-17.4168,0.068281,-0.266827
5-42-12_4-13-2023,25.0,-14.6459,0.023679,-0.071311
5-54-27_4-13-2023,25.0,-11.8751,0.000000,-0.375470
6-6-37_4-13-2023,25.0,-9.1042,0.040348,-0.194802
6-18-37_4-13-2023,25.0,-6.3334,0.417288,1.443620
6-30-54_4-13-2023,40.0,-28.5001,0.124190,-0.117060
6-43-13_4-13-2023,40.0,-25.7293,0.092819,-0.099959
6-55-31_4-13-2023,40.0,-22.9584,0.072194,-0.066697
7-7-44_4-13-2023,40.0,-20.1876,0.087602,-0.570715
7-19-59_4-13-2023,40.0,-17.4168,0.041705,-0.260860
7-32-10_4-13-2023,40.0,-14.6459,0.123363,-0.393131
7-44-14_4-13-2023,40.0,-11.8751,0.000000,0.107530
7-56-9_4-13-2023,40.0,-9.1042,0.389487,1.326816
8-8-5_4-13-2023,40.0,-6.3334,0.332609,1.319377
8-20-19_4-13-2023,55.0,-28.5001,0.114596,-0.095553
8-32-31_4-13-2023,55.0,-25.7293,0.082888,-0.224514
8-44-36_4-13-2023,55.0,-22.9584,0.097755,-0.175604
8-56-43_4-13-2023,55.0,-20.1876,0.159422,0.108035
9-8-50_4-13-2023,55.0,-17.4168,0.000000,-0.347215
9-20-50_4-13-2023,55.0,-14.6459,0.043771,-0.509073
9-32-45_4-13-2023,55.0,-11.8751,0.421761,1.475377
9-44-35_4-13-2023,55.0,-9.1042,0.340065,1.271118
9-56-24_4-13-2023,55.0,-6.3334,0.402701,1.305227
