12-00-00_01-01-2000,-25.0,-40.0,6.81347,0.0000
12-00-00_01-01-2000,-25.0,-44.6863,6.75052,0.0000
12-00-00_01-01-2000,-25.0,-49.3725,6.68743,0.0000
12-00-00_01-01-2000,-25.0,-54.0587,6.62157,0.0000
12-00-00_01-01-2000,-25.0,-58.745,6.65391,0.0000
12-00-00_01-01-2000,-25.0,-63.4312,6.64488,0.0000
12-00-00_01-01-2000,-25.0,-68.1175,6.61933,0.0000
12-00-00_01-01-2000,-25.0,-72.8037,18.0774,0.0000
12-00-00_01-01-2000,-25.0,-77.49,18.1179,0.0000
12-00-00_01-01-2000,-9.0,-40.0,5.93382,0.0000
12-00-00_01-01-2000,-9.0,-44.6863,5.89798,0.0000
12-00-00_01-01-2000,-9.0,-49.3725,5.94434,0.0000
12-00-00_01-01-2000,-9.0,-54.0587,5.88857,0.0000
12-00-00_01-01-2000,-9.0,-58.745,5.87425,0.0000
12-00-00_01-01-2000,-9.0,-63.4312,6.59105,0.0000
12-00-00_01-01-2000,-9.0,-68.1175,6.70163,0.0000
12-00-00_01-01-2000,-9.0,-72.8037,6.68638,0.0000
12-00-00_01-01-2000,-9.0,-77.49,6.62176,0.0000
12-00-00_01-01-2000,6.0,-40.0,5.35838,0.0000
12-00-00_01-01-2000,6.0,-44.6863,5.34174,0.0000
12-00-00_01-01-2000,6.0,-49.3725,5.53104,0.0000
12-00-00_01-01-2000,6.0,-54.0587,5.44772,0.0000
12-00-00_01-01-2000,6.0,-58.745,5.49151,0.0000
12-00-00_01-01-2000,6.0,-63.4312,5.50476,0.0000
12-00-00_01-01-2000,6.0,-68.1175,5.82154,0.0000
12-00-00_01-01-2000,6.0,-72.8037,5.85302,0.0000
12-00-00_01-01-2000,6.0,-77.49,5.81764,0.0000
12-00-00_01-01-2000,21.0,-40.0,15.9242,0.0000
12-00-00_01-01-2000,21.0,-44.6863,5.34447,0.0000
12-00-00_01-01-2000,21.0,-49.3725,5.3755,0.0000
12-00-00_01-01-2000,21.0,-54.0587,16.1804,0.0000
12-00-00_01-01-2000,21.0,-58.745,5.38876,0.0000
12-00-00_01-01-2000,21.0,-63.4312,5.3638,0.0000
12-00-00_01-01-2000,21.0,-68.1175,16.485,0.0000
12-00-00_01-01-2000,21.0,-72.8037,5.46903,0.0000
12-00-00_01-01-2000,21.0,-77.49,5.45578,0.0000
12-00-00_01-01-2000,37.0,-40.0,5.15654,0.0000
12-00-00_01-01-2000,37.0,-44.6863,5.20822,0.0000
12-00-00_01-01-2000,37.0,-49.3725,15.7109,0.0000
12-00-00_01-01-2000,37.0,-54.0587,5.27382,0.0000
12-00-00_01-01-2000,37.0,-58.745,15.9261,0.0000
12-00-00_01-01-2000,37.0,-63.4312,5.32339,0.0000
12-00-00_01-01-2000,37.0,-68.1175,5.3793,0.0000
12-00-00_01-01-2000,37.0,-72.8037,16.1799,0.0000
12-00-00_01-01-2000,37.0,-77.49,5.35761,0.0000
12-00-00_01-01-2000,53.0,-40.0,5.01342,0.0000
12-00-00_01-01-2000,53.0,-44.6863,5.10016,0.0000
12-00-00_01-01-2000,53.0,-49.3725,5.08218,0.0000
12-00-00_01-01-2000,53.0,-54.0587,5.14828,0.0000
12-00-00_01-01-2000,53.0,-58.745,15.5266,0.0000
12-00-00_01-01-2000,53.0,-63.4312,15.7115,0.0000
12-00-00_01-01-2000,53.0,-68.1175,5.2721,0.0000
12-00-00_01-01-2000,53.0,-72.8037,5.24468,0.0000
12-00-00_01-01-2000,53.0,-77.49,15.9299,0.0000
12-00-00_01-01-2000,68.0,-40.0,9.12251,0.0000
12-00-00_01-01-2000,68.0,-44.6863,4.93372,0.0000
12-00-00_01-01-2000,68.0,-49.3725,5.00421,0.0000
12-00-00_01-01-2000,68.0,-54.0587,5.06247,0.0000
12-00-00_01-01-2000,68.0,-58.745,5.04958,0.0000
12-00-00_01-01-2000,68.0,-63.4312,15.3574,0.0000
12-00-00_01-01-2000,68.0,-68.1175,5.14173,0.0000
12-00-00_01-01-2000,68.0,-72.8037,15.5265,0.0000
12-00-00_01-01-2000,68.0,-77.49,15.7115,0.0000
12-00-00_01-01-2000,84.0,-40.0,3.58246,0.0000
12-00-00_01-01-2000,84.0,-44.6863,3.96412,0.0000
12-00-00_01-01-2000,84.0,-49.3725,8.33356,0.0000
12-00-00_01-01-2000,84.0,-54.0587,4.91618,0.0000
12-00-00_01-01-2000,84.0,-58.745,14.9408,0.0000
12-00-00_01-01-2000,84.0,-63.4312,15.0689,0.0000
12-00-00_01-01-2000,84.0,-68.1175,5.08527,0.0000
12-00-00_01-01-2000,84.0,-72.8037,5.07827,0.0000
12-00-00_01-01-2000,84.0,-77.49,15.3603,0.0000
12-00-00_01-01-2000,100.0,-40.0,3.90091,0.0000
12-00-00_01-01-2000,100.0,-44.6863,3.51877,0.0000
12-00-00_01-01-2000,100.0,-49.3725,3.89961,0.0000
12-00-00_01-01-2000,100.0,-54.0587,3.97638,0.0000
12-00-00_01-01-2000,100.0,-58.745,4.90091,0.0000
12-00-00_01-01-2000,100.0,-63.4312,4.86181,0.0000
12-00-00_01-01-2000,100.0,-68.1175,4.94926,0.0000
12-00-00_01-01-2000,100.0,-72.8037,5.02127,0.0000
12-00-00_01-01-2000,100.0,-77.49,5.06238,0.0000
