12-00-00_01-01-2000,-65.0,-28.5001,0.000000,NaN
12-00-00_01-01-2000,-65.0,-25.7293,0.000000,NaN
12-00-00_01-01-2000,-65.0,-22.9584,0.000000,NaN
12-00-00_01-01-2000,-65.0,-20.1876,0.000000,NaN
12-00-00_01-01-2000,-65.0,-17.4168,0.000000,NaN
12-00-00_01-01-2000,-65.0,-14.6459,0.000000,NaN
12-00-00_01-01-2000,-65.0,-11.8751,0.000000,NaN
12-00-00_01-01-2000,-65.0,-9.1042,0.000000,NaN
12-00-00_01-01-2000,-65.0,-6.3334,0.000000,NaN
12-00-00_01-01-2000,-65.0,-3.1667,0.000000,NaN
12-00-00_01-01-2000,-50.0,-28.5001,0.000000,NaN
12-00-00_01-01-2000,-50.0,-25.7293,0.000000,NaN
12-00-00_01-01-2000,-50.0,-22.9584,0.000000,NaN
12-00-00_01-01-2000,-50.0,-20.1876,0.000000,NaN
12-00-00_01-01-2000,-50.0,-17.4168,0.000000,NaN
12-00-00_01-01-2000,-50.0,-14.6459,0.000000,NaN
12-00-00_01-01-2000,-50.0,-11.8751,0.000000,NaN
12-00-00_01-01-2000,-50.0,-9.1042,0.000000,NaN
12-00-00_01-01-2000,-50.0,-6.3334,0.000000,NaN
12-00-00_01-01-2000,-50.0,-3.1667,0.000000,NaN
12-00-00_01-01-2000,-35.0,-28.5001,0.000000,NaN
12-00-00_01-01-2000,-35.0,-25.7293,0.000000,NaN
12-00-00_01-01-2000,-35.0,-22.9584,0.000000,NaN
12-00-00_01-01-2000,-35.0,-20.1876,0.000000,NaN
12-00-00_01-01-2000,-35.0,-17.4168,0.000000,NaN
12-00-00_01-01-2000,-35.0,-14.6459,0.000000,NaN
12-00-00_01-01-2000,-35.0,-11.8751,0.000000,NaN
12-00-00_01-01-2000,-35.0,-9.1042,0.000000,NaN
12-00-00_01-01-2000,-35.0,-6.3334,0.000000,NaN
12-00-00_01-01-2000,-35.0,-3.1667,0.000000,NaN
12-00-00_01-01-2000,-20.0,-28.5001,0.000000,NaN
12-00-00_01-01-2000,-20.0,-25.7293,0.000000,NaN
12-00-00_01-01-2000,-20.0,-22.9584,0.000000,NaN
12-00-00_01-01-2000,-20.0,-20.1876,0.000000,NaN
12-00-00_01-01-2000,-20.0,-17.4168,0.000000,NaN
12-00-00_01-01-2000,-20.0,-14.6459,0.000000,NaN
12-00-00_01-01-2000,-20.0,-11.8751,0.000000,NaN
12-00-00_01-01-2000,-20.0,-9.1042,0.000000,NaN
12-00-00_01-01-2000,-20.0,-6.3334,0.000000,NaN
12-00-00_01-01-2000,-20.0,-3.1667,0.000000,NaN
12-00-00_01-01-2000,-5.0,-28.5001,0.000000,NaN
12-00-00_01-01-2000,-5.0,-25.7293,0.000000,NaN
12-00-00_01-01-2000,-5.0,-22.9584,0.000000,NaN
12-00-00_01-01-2000,-5.0,-20.1876,0.000000,NaN
12-00-00_01-01-2000,-5.0,-17.4168,0.000000,NaN
12-00-00_01-01-2000,-5.0,-14.6459,0.000000,NaN
12-00-00_01-01-2000,-5.0,-11.8751,0.000000,NaN
12-00-00_01-01-2000,-5.0,-9.1042,0.107412,-0.210554
12-00-00_01-01-2000,-5.0,-6.3334,0.004860,-0.107654
12-00-00_01-01-2000,-5.0,-3.1667,0.097033,-0.281007
12-00-00_01-01-2000,3.0,-28.5001,0.000000,NaN
12-00-00_01-01-2000,3.0,-25.7293,0.000000,NaN
12-00-00_01-01-2000,3.0,-22.9584,0.000000,NaN
12-00-00_01-01-2000,3.0,-20.1876,0.000000,NaN
12-00-00_01-01-2000,3.0,-17.4168,0.059390,-0.308044
12-00-00_01-01-2000,3.0,-14.6459,0.035975,-0.836049
12-00-00_01-01-2000,3.0,-11.8751,0.167096,0.257185
12-00-00_01-01-2000,3.0,-9.1042,0.039640,-0.491536
12-00-00_01-01-2000,3.0,-6.3334,0.000000,-0.291504
12-00-00_01-01-2000,3.0,-3.1667,0.058459,-0.167182
12-00-00_01-01-2000,25.0,-28.5001,0.123961,-0.341534
12-00-00_01-01-2000,25.0,-25.7293,0.079822,-0.111270
12-00-00_01-01-2000,25.0,-22.9584,0.078031,-0.453315
12-00-00_01-01-2000,25.0,-20.1876,0.128746,-0.056677
12-00-00_01-01-2000,25.0,-17.4168,0.068281,-0.266827
12-00-00_01-01-2000,25.0,-14.6459,0.023679,-0.071311
12-00-00_01-01-2000,25.0,-11.8751,0.000000,-0.375470
12-00-00_01-01-2000,25.0,-9.1042,0.040348,-0.194802
12-00-00_01-01-2000,25.0,-6.3334,0.417288,1.443620
12-00-00_01-01-2000,25.0,-3.1667,0.320426,1.384163
12-00-00_01-01-2000,40.0,-28.5001,0.124190,-0.117060
12-00-00_01-01-2000,40.0,-25.7293,0.092819,-0.099959
12-00-00_01-01-2000,40.0,-22.9584,0.072194,-0.066697
12-00-00_01-01-2000,40.0,-20.1876,0.087602,-0.570715
12-00-00_01-01-2000,40.0,-17.4168,0.041705,-0.260860
12-00-00_01-01-2000,40.0,-14.6459,0.123363,-0.393131
12-00-00_01-01-2000,40.0,-11.8751,0.000000,0.107530
12-00-00_01-01-2000,40.0,-9.1042,0.389487,1.326816
12-00-00_01-01-2000,40.0,-6.3334,0.332609,1.319377
12-00-00_01-01-2000,40.0,-3.1667,0.388154,1.261292
12-00-00_01-01-2000,55.0,-28.5001,0.114596,-0.095553
12-00-00_01-01-2000,55.0,-25.7293,0.082888,-0.224514
12-00-00_01-01-2000,55.0,-22.9584,0.097755,-0.175604
12-00-00_01-01-2000,55.0,-20.1876,0.159422,0.108035
12-00-00_01-01-2000,55.0,-17.4168,0.000000,-0.347215
12-00-00_01-01-2000,55.0,-14.6459,0.043771,-0.509073
12-00-00_01-01-2000,55.0,-11.8751,0.421761,1.475377
12-00-00_01-01-2000,55.0,-9.1042,0.340065,1.271118
12-00-00_01-01-2000,55.0,-6.3334,0.402701,1.305227
12-00-00_01-01-2000,55.0,-3.1667,0.330471,0.689664
12-00-00_01-01-2000,70.0,-28.5001,0.099557,-0.173254
12-00-00_01-01-2000,70.0,-25.7293,0.100044,-0.233343
12-00-00_01-01-2000,70.0,-22.9584,0.000000,-0.198985
12-00-00_01-01-2000,70.0,-20.1876,0.000000,-0.289317
12-00-00_01-01-2000,70.0,-17.4168,0.105241,-0.468440
12-00-00_01-01-2000,70.0,-14.6459,0.352859,0.993675
12-00-00_01-01-2000,70.0,-11.8751,0.376771,1.418951
12-00-00_01-01-2000,70.0,-9.1042,0.161871,0.081077
12-00-00_01-01-2000,70.0,-6.3334,0.177491,0.491291
12-00-00_01-01-2000,70.0,-3.1667,0.117393,0.289917