12-00-00_01-01-2000,7.0,62.0,2.79502,0.0000
12-00-00_01-01-2000,7.0,64.0,2.79316,0.0000
12-00-00_01-01-2000,7.0,66.0,2.7754,0.0000
12-00-00_01-01-2000,7.0,68.0,2.76059,0.0000
12-00-00_01-01-2000,7.0,70.01,2.75572,0.0000
12-00-00_01-01-2000,7.0,72.0,2.74761,0.0000
12-00-00_01-01-2000,7.0,74.0,2.73878,0.0000
12-00-00_01-01-2000,7.0,76.0,2.73262,0.0000
12-00-00_01-01-2000,7.0,78.0,2.72526,0.0000
12-00-00_01-01-2000,9.0,62.0,2.78168,0.0000
12-00-00_01-01-2000,9.0,64.0,2.76904,0.0000
12-00-00_01-01-2000,9.0,66.0,2.76421,0.0000
12-00-00_01-01-2000,9.0,68.0,2.7603,0.0000
12-00-00_01-01-2000,9.0,70.01,2.75668,0.0000
12-00-00_01-01-2000,9.0,72.0,2.72991,0.0000
12-00-00_01-01-2000,9.0,74.0,2.74205,0.0000
12-00-00_01-01-2000,9.0,76.0,2.72656,0.0000
12-00-00_01-01-2000,9.0,78.0,2.71788,0.0000
12-00-00_01-01-2000,11.0,62.0,3.22293,0.0000
12-00-00_01-01-2000,11.0,64.0,3.07421,0.0000
12-00-00_01-01-2000,11.0,66.0,3.19716,0.0000
12-00-00_01-01-2000,11.0,68.0,3.18536,0.0000
12-00-00_01-01-2000,11.0,70.01,3.17937,0.0000
12-00-00_01-01-2000,11.0,72.0,3.17194,0.0000
12-00-00_01-01-2000,11.0,74.0,3.13407,0.0000
12-00-00_01-01-2000,11.0,76.0,3.12127,0.0000
12-00-00_01-01-2000,11.0,78.0,3.12407,0.0000
12-00-00_01-01-2000,13.0,62.0,3.34656,0.0000
12-00-00_01-01-2000,13.0,64.0,3.28718,0.0000
12-00-00_01-01-2000,13.0,66.0,3.24879,0.0000
12-00-00_01-01-2000,13.0,68.0,3.23484,0.0000
12-00-00_01-01-2000,13.0,70.01,3.19925,0.0000
12-00-00_01-01-2000,13.0,72.0,3.19647,0.0000
12-00-00_01-01-2000,13.0,74.0,3.10155,0.0000
12-00-00_01-01-2000,13.0,76.0,3.09904,0.0000
12-00-00_01-01-2000,13.0,78.0,2.93709,0.0000
12-00-00_01-01-2000,15.01,62.0,3.04388,0.0000
12-00-00_01-01-2000,15.01,64.0,3.03896,0.0000
12-00-00_01-01-2000,15.01,66.0,3.02874,0.0000
12-00-00_01-01-2000,15.01,68.0,3.0239,0.0000
12-00-00_01-01-2000,15.01,70.01,3.0113,0.0000
12-00-00_01-01-2000,15.01,72.0,2.93344,0.0000
12-00-00_01-01-2000,15.01,74.0,2.92827,0.0000
12-00-00_01-01-2000,15.01,76.0,2.91973,0.0000
12-00-00_01-01-2000,15.01,78.0,2.91088,0.0000
12-00-00_01-01-2000,17.0,62.0,3.0384,0.0000
12-00-00_01-01-2000,17.0,64.0,3.04143,0.0000
12-00-00_01-01-2000,17.0,66.0,3.12912,0.0000
12-00-00_01-01-2000,17.0,68.0,3.12109,0.0000
12-00-00_01-01-2000,17.0,70.01,3.11733,0.0000
12-00-00_01-01-2000,17.0,72.0,3.10733,0.0000
12-00-00_01-01-2000,17.0,74.0,3.3529,0.0000
12-00-00_01-01-2000,17.0,76.0,3.36527,0.0000
12-00-00_01-01-2000,17.0,78.0,3.4164,0.0000
12-00-00_01-01-2000,19.0,62.0,3.63653,0.0000
12-00-00_01-01-2000,19.0,64.0,3.75239,0.0000
12-00-00_01-01-2000,19.0,66.0,3.74904,0.0000
12-00-00_01-01-2000,19.0,68.0,3.7444,0.0000
12-00-00_01-01-2000,19.0,70.01,3.7471,0.0000
12-00-00_01-01-2000,19.0,72.0,3.73969,0.0000
12-00-00_01-01-2000,19.0,74.0,3.75451,0.0000
12-00-00_01-01-2000,19.0,76.0,3.74904,0.0000
12-00-00_01-01-2000,19.0,78.0,3.74704,0.0000
12-00-00_01-01-2000,21.0,62.0,4.38441,0.0000
12-00-00_01-01-2000,21.0,64.0,4.41083,0.0000
12-00-00_01-01-2000,21.0,66.0,4.3965,0.0000
12-00-00_01-01-2000,21.0,68.0,4.38697,0.0000
12-00-00_01-01-2000,21.0,70.01,4.37686,0.0000
12-00-00_01-01-2000,21.0,72.0,4.36503,0.0000
12-00-00_01-01-2000,21.0,74.0,4.35715,0.0000
12-00-00_01-01-2000,21.0,76.0,4.40616,0.0000
12-00-00_01-01-2000,21.0,78.0,4.40731,0.0000
12-00-00_01-01-2000,23.0,62.0,12.3833,0.0000
12-00-00_01-01-2000,23.0,64.0,12.4299,0.0000
12-00-00_01-01-2000,23.0,66.0,12.475,0.0000
12-00-00_01-01-2000,23.0,68.0,12.9959,0.0000
12-00-00_01-01-2000,23.0,70.01,12.7251,0.0000
12-00-00_01-01-2000,23.0,72.0,12.8764,0.0000
12-00-00_01-01-2000,23.0,74.0,12.9688,0.0000
12-00-00_01-01-2000,23.0,76.0,12.75,0.0000
12-00-00_01-01-2000,23.0,78.0,12.8856,0.0000
