3-29-23_4-10-2023,-65.0,-3.1667,0.000000,NaN
3-42-1_4-10-2023,-65.0,0.0000,0.000000,NaN
3-54-41_4-10-2023,-65.0,3.1667,0.000000,NaN
4-7-18_4-10-2023,-65.0,6.3333,0.000000,NaN
4-19-54_4-10-2023,-65.0,9.5000,0.000000,NaN
4-32-33_4-10-2023,-65.0,11.6900,0.000000,NaN
4-45-5_4-10-2023,-65.0,15.8333,0.000000,NaN
4-57-32_4-10-2023,-65.0,19.0000,0.000000,NaN
5-9-57_4-10-2023,-65.0,22.1667,0.000000,NaN
5-22-37_4-10-2023,-50.0,-3.1667,0.000000,NaN
5-35-31_4-10-2023,-50.0,0.0000,0.000000,NaN
5-48-15_4-10-2023,-50.0,3.1667,0.000000,NaN
6-0-50_4-10-2023,-50.0,6.3333,0.000000,NaN
6-13-25_4-10-2023,-50.0,9.5000,0.000000,NaN
6-26-17_4-10-2023,-50.0,11.6900,0.000000,NaN
6-38-43_4-10-2023,-50.0,15.8333,0.000000,NaN
6-51-4_4-10-2023,-50.0,19.0000,0.000000,NaN
7-3-38_4-10-2023,-50.0,22.1667,0.000000,NaN
7-16-19_4-10-2023,-35.0,-3.1667,0.000000,NaN
7-28-55_4-10-2023,-35.0,0.0000,0.000000,NaN
7-41-30_4-10-2023,-35.0,3.1667,0.000000,NaN
7-54-5_4-10-2023,-35.0,6.3333,0.000000,NaN
8-6-30_4-10-2023,-35.0,9.5000,0.000000,NaN
8-18-53_4-10-2023,-35.0,11.6900,0.000000,NaN
8-31-4_4-10-2023,-35.0,15.8333,0.007220,-0.206424
8-43-13_4-10-2023,-35.0,19.0000,0.278635,1.203894
8-55-2_4-10-2023,-35.0,22.1667,0.311100,1.057041
9-7-27_4-10-2023,-20.0,-3.1667,0.000000,NaN
9-19-47_4-10-2023,-20.0,0.0000,0.007620,-0.402966
9-32-25_4-10-2023,-20.0,3.1667,0.000000,-0.068881
9-44-35_4-10-2023,-20.0,6.3333,0.040724,-0.229049
9-56-57_4-10-2023,-20.0,9.5000,0.142212,0.162101
10-9-10_4-10-2023,-20.0,11.6900,0.289736,1.340897
10-21-18_4-10-2023,-20.0,15.8333,0.320758,1.332083
10-33-5_4-10-2023,-20.0,19.0000,0.337362,1.356829
10-45-6_4-10-2023,-20.0,22.1667,0.258627,0.640994
10-57-24_4-10-2023,-5.0,-3.1667,0.097033,-0.281007
11-9-31_4-10-2023,-5.0,0.0000,0.115592,0.022464
11-21-56_4-10-2023,-5.0,3.1667,0.360209,1.505292
11-33-52_4-10-2023,-5.0,6.3333,0.328526,1.452758
11-45-58_4-10-2023,-5.0,9.5000,0.321299,0.914785
11-57-48_4-10-2023,-5.0,11.6900,0.291515,1.140321
0-9-34_4-11-2023,-5.0,15.8333,0.285824,0.965640
0-21-35_4-11-2023,-5.0,19.0000,0.308388,0.856885
0-33-21_4-11-2023,-5.0,22.1667,0.257122,0.530252
0-45-31_4-11-2023,3.0,-3.1667,0.058459,-0.167182
0-57-31_4-11-2023,3.0,0.0000,0.366700,1.495181
1-9-26_4-11-2023,3.0,3.1667,0.329806,1.338412
1-21-17_4-11-2023,3.0,6.3333,0.291177,0.468383
1-33-4_4-11-2023,3.0,9.5000,0.311791,0.675846
1-44-50_4-11-2023,3.0,11.6900,0.331123,1.149424
1-56-37_4-11-2023,3.0,15.8333,0.321841,1.034616
2-8-21_4-11-2023,3.0,19.0000,0.372891,1.245530
2-20-3_4-11-2023,3.0,22.1667,0.112999,-0.222761
2-31-55_4-11-2023,25.0,-3.1667,0.320426,1.384163
2-43-45_4-11-2023,25.0,0.0000,0.386959,1.238712
2-55-30_4-11-2023,25.0,3.1667,0.370554,0.976969
3-7-16_4-11-2023,25.0,6.3333,0.055164,0.181018
3-18-59_4-11-2023,25.0,9.5000,0.302665,0.815694
3-30-44_4-11-2023,25.0,11.6900,0.273035,0.620847
3-42-29_4-11-2023,25.0,15.8333,0.333691,0.955589
3-54-10_4-11-2023,25.0,19.0000,0.294786,0.512692
4-5-51_4-11-2023,25.0,22.1667,0.025167,0.276813
4-17-39_4-11-2023,40.0,-3.1667,0.388154,1.261292
4-29-25_4-11-2023,40.0,0.0000,0.372121,1.055449
4-41-10_4-11-2023,40.0,3.1667,0.166598,0.477103
4-52-51_4-11-2023,40.0,6.3333,0.244716,0.690802
5-4-35_4-11-2023,40.0,9.5000,0.161638,-0.104533
5-16-20_4-11-2023,40.0,11.6900,0.221926,0.371848
5-28-2_4-11-2023,40.0,15.8333,0.345166,1.144418
5-39-43_4-11-2023,40.0,19.0000,0.290253,0.985664
5-51-26_4-11-2023,40.0,22.1667,0.207719,0.942447
6-3-11_4-11-2023,55.0,-3.1667,0.330471,0.689664
6-14-52_4-11-2023,55.0,0.0000,0.114663,0.034358
6-26-34_4-11-2023,55.0,3.1667,0.209791,0.780978
6-38-17_4-11-2023,55.0,6.3333,0.103439,0.067121
6-49-58_4-11-2023,55.0,9.5000,0.102646,-0.129681
7-1-41_4-11-2023,55.0,11.6900,0.215729,0.280696
7-13-21_4-11-2023,55.0,15.8333,0.249705,0.703962
7-25-1_4-11-2023,55.0,19.0000,0.118582,-0.111190
7-36-41_4-11-2023,55.0,22.1667,0.264370,1.003978
