12-00-00_01-01-2000,-18.0,-65.0,18.712,0.0000
12-00-00_01-01-2000,-18.0,-30.0,6.80107,0.0000
12-00-00_01-01-2000,-18.0,-15.0,5.7401,0.0000
12-00-00_01-01-2000,-18.0,0.0,5.28453,0.0000
12-00-00_01-01-2000,-18.0,17.0,5.06986,0.0000
12-00-00_01-01-2000,-18.0,38.0,4.29016,0.0000
12-00-00_01-01-2000,-18.0,58.0,3.27599,0.0000
12-00-00_01-01-2000,-18.0,79.0,3.53662,0.0000
12-00-00_01-01-2000,-18.0,100.0,3.38651,0.0000
12-00-00_01-01-2000,-12.9792,-65.0,18.6695,0.0000
12-00-00_01-01-2000,-12.9792,-30.0,6.85737,0.0000
12-00-00_01-01-2000,-12.9792,-15.0,5.35257,0.0000
12-00-00_01-01-2000,-12.9792,0.0,5.22891,0.0000
12-00-00_01-01-2000,-12.9792,17.0,4.93544,0.0000
12-00-00_01-01-2000,-12.9792,38.0,3.69217,0.0000
12-00-00_01-01-2000,-12.9792,58.0,3.43069,0.0000
12-00-00_01-01-2000,-12.9792,79.0,3.33644,0.0000
12-00-00_01-01-2000,-12.9792,100.0,2.77975,0.0000
12-00-00_01-01-2000,-7.9583,-65.0,18.6177,0.0000
12-00-00_01-01-2000,-7.9583,-30.0,6.13741,0.0000
12-00-00_01-01-2000,-7.9583,-15.0,5.23796,0.0000
12-00-00_01-01-2000,-7.9583,0.0,5.12146,0.0000
12-00-00_01-01-2000,-7.9583,17.0,4.54174,0.0000
12-00-00_01-01-2000,-7.9583,38.0,3.06687,0.0000
12-00-00_01-01-2000,-7.9583,58.0,3.21388,0.0000
12-00-00_01-01-2000,-7.9583,79.0,3.12447,0.0000
12-00-00_01-01-2000,-7.9583,100.0,3.31916,0.0000
12-00-00_01-01-2000,-2.9375,-65.0,18.5597,0.0000
12-00-00_01-01-2000,-2.9375,-30.0,6.18792,0.0000
12-00-00_01-01-2000,-2.9375,-15.0,5.20254,0.0000
12-00-00_01-01-2000,-2.9375,0.0,4.95464,0.0000
12-00-00_01-01-2000,-2.9375,17.0,4.05765,0.0000
12-00-00_01-01-2000,-2.9375,38.0,2.888,0.0000
12-00-00_01-01-2000,-2.9375,58.0,2.79907,0.0000
12-00-00_01-01-2000,-2.9375,79.0,3.50191,0.0000
12-00-00_01-01-2000,-2.9375,100.0,3.79446,0.0000
12-00-00_01-01-2000,2.0833,-65.0,18.4906,0.0000
12-00-00_01-01-2000,2.0833,-30.0,5.82211,0.0000
12-00-00_01-01-2000,2.0833,-15.0,5.15829,0.0000
12-00-00_01-01-2000,2.0833,0.0,4.06875,0.0000
12-00-00_01-01-2000,2.0833,17.0,2.91,0.0000
12-00-00_01-01-2000,2.0833,38.0,2.70421,0.0000
12-00-00_01-01-2000,2.0833,58.0,3.67279,0.0000
12-00-00_01-01-2000,2.0833,79.0,3.92626,0.0000
12-00-00_01-01-2000,2.0833,100.0,20.33,0.0000
12-00-00_01-01-2000,7.1042,-65.0,18.4129,0.0000
12-00-00_01-01-2000,7.1042,-30.0,5.23183,0.0000
12-00-00_01-01-2000,7.1042,-15.0,4.59822,0.0000
12-00-00_01-01-2000,7.1042,0.0,2.40569,0.0000
12-00-00_01-01-2000,7.1042,17.0,2.64667,0.0000
12-00-00_01-01-2000,7.1042,38.0,3.55127,0.0000
12-00-00_01-01-2000,7.1042,58.0,20,0.0000
12-00-00_01-01-2000,7.1042,79.0,20,0.0000
12-00-00_01-01-2000,7.1042,100.0,20,0.0000
12-00-00_01-01-2000,11.69,-65.0,18.3253,0.0000
12-00-00_01-01-2000,11.69,-30.0,4.82026,0.0000
12-00-00_01-01-2000,11.69,-15.0,7.61998,0.0000
12-00-00_01-01-2000,11.69,0.0,3.01227,0.0000
12-00-00_01-01-2000,11.69,17.0,3.74013,0.0000
12-00-00_01-01-2000,11.69,38.0,3.84041,0.0000
12-00-00_01-01-2000,11.69,58.0,20,0.0000
12-00-00_01-01-2000,11.69,79.0,20,0.0000
12-00-00_01-01-2000,11.69,100.0,20,0.0000
12-00-00_01-01-2000,17.1459,-65.0,18.1858,0.0000
12-00-00_01-01-2000,17.1459,-30.0,7.79966,0.0000
12-00-00_01-01-2000,17.1459,-15.0,6.54552,0.0000
12-00-00_01-01-2000,17.1459,0.0,4.03225,0.0000
12-00-00_01-01-2000,17.1459,17.0,20,0.0000
12-00-00_01-01-2000,17.1459,38.0,20,0.0000
12-00-00_01-01-2000,17.1459,58.0,20,0.0000
12-00-00_01-01-2000,17.1459,79.0,20,0.0000
12-00-00_01-01-2000,17.1459,100.0,20,0.0000
12-00-00_01-01-2000,22.1667,-65.0,18.0079,0.0000
12-00-00_01-01-2000,22.1667,-30.0,12.5245,0.0000
12-00-00_01-01-2000,22.1667,-15.0,13.7563,0.0000
12-00-00_01-01-2000,22.1667,0.0,19.1303,0.0000
12-00-00_01-01-2000,22.1667,17.0,14.5104,0.0000
12-00-00_01-01-2000,22.1667,38.0,20,0.0000
12-00-00_01-01-2000,22.1667,58.0,20,0.0000
12-00-00_01-01-2000,22.1667,79.0,20,0.0000
12-00-00_01-01-2000,22.1667,100.0,20,0.0000
