12-00-00_01-01-2000,55.0,-6.3334,0.402701,1.305227
12-00-00_01-01-2000,55.0,-3.1667,0.330471,0.689664
12-00-00_01-01-2000,55.0,0.0000,0.114663,0.034358
12-00-00_01-01-2000,55.0,3.1667,0.209791,0.780978
12-00-00_01-01-2000,55.0,6.3333,0.103439,0.067121
12-00-00_01-01-2000,55.0,9.5000,0.102646,-0.129681
12-00-00_01-01-2000,55.0,11.6900,0.215729,0.280696
12-00-00_01-01-2000,55.0,15.8333,0.249705,0.703962
12-00-00_01-01-2000,55.0,19.0000,0.118582,-0.111190
12-00-00_01-01-2000,55.0,22.1667,0.264370,1.003978
12-00-00_01-01-2000,70.0,-6.3334,0.177491,0.491291
12-00-00_01-01-2000,70.0,-3.1667,0.117393,0.289917
12-00-00_01-01-2000,70.0,0.0000,0.070323,-0.104642
12-00-00_01-01-2000,70.0,3.1667,0.035812,-0.055743
12-00-00_01-01-2000,70.0,6.3333,0.048259,-0.126722
12-00-00_01-01-2000,70.0,9.5000,0.203125,0.737690
12-00-00_01-01-2000,70.0,11.6900,0.204468,0.432642
12-00-00_01-01-2000,70.0,15.8333,0.239431,0.858396
12-00-00_01-01-2000,70.0,19.0000,0.109449,0.428539
12-00-00_01-01-2000,70.0,22.1667,0.169061,0.631342
12-00-00_01-01-2000,85.0,-6.3334,0.127020,0.154646
12-00-00_01-01-2000,85.0,-3.1667,0.043139,-0.840342
12-00-00_01-01-2000,85.0,0.0000,0.024062,-0.301062
12-00-00_01-01-2000,85.0,3.1667,0.120715,0.657309
12-00-00_01-01-2000,85.0,6.3333,0.127402,0.323087
12-00-00_01-01-2000,85.0,9.5000,0.112623,0.161001
12-00-00_01-01-2000,85.0,11.6900,0.106265,0.466471
12-00-00_01-01-2000,85.0,15.8333,0.127600,0.246886
12-00-00_01-01-2000,85.0,19.0000,0.132145,-0.227040
12-00-00_01-01-2000,85.0,22.1667,0.053159,-0.215927
12-00-00_01-01-2000,100.0,-3.1667,0.064568,0.154629
12-00-00_01-01-2000,100.0,-6.3334,0.113135,0.594281
12-00-00_01-01-2000,100.0,0.0000,0.185141,1.126679
12-00-00_01-01-2000,100.0,3.1667,0.059930,-0.086348
12-00-00_01-01-2000,100.0,6.3333,0.037994,-0.204635
12-00-00_01-01-2000,100.0,9.5000,0.014871,-0.780195
12-00-00_01-01-2000,100.0,11.6900,0.056848,-0.292147
12-00-00_01-01-2000,100.0,15.8333,0.039802,-0.370493
12-00-00_01-01-2000,100.0,19.0000,0.035243,-0.208099
12-00-00_01-01-2000,100.0,22.1667,0.032999,-0.285499
12-00-00_01-01-2000,115.0,-6.3334,0.085118,0.703815
12-00-00_01-01-2000,115.0,-3.1667,0.112879,0.666627
12-00-00_01-01-2000,115.0,0.0000,0.078621,0.076763
12-00-00_01-01-2000,115.0,3.1667,0.049498,0.505594
12-00-00_01-01-2000,115.0,6.3333,0.056816,-0.127927
12-00-00_01-01-2000,115.0,9.5000,0.055473,-0.050012
12-00-00_01-01-2000,115.0,11.6900,0.014470,-0.056984
12-00-00_01-01-2000,115.0,15.8333,0.038821,-0.166169
12-00-00_01-01-2000,115.0,19.0000,0.002365,-0.200375
12-00-00_01-01-2000,115.0,22.1667,0.072545,-0.250506
12-00-00_01-01-2000,130.0,-6.3334,0.159568,0.584669
12-00-00_01-01-2000,130.0,-3.1667,0.069411,0.054774
12-00-00_01-01-2000,130.0,0.0000,0.040994,0.021128
12-00-00_01-01-2000,130.0,3.1667,0.060118,0.050901
12-00-00_01-01-2000,130.0,6.3333,0.026554,-0.238326
12-00-00_01-01-2000,130.0,9.5000,0.009506,-0.334370
12-00-00_01-01-2000,130.0,11.6900,0.041792,-0.381239
12-00-00_01-01-2000,130.0,15.8333,0.058371,-0.022995
12-00-00_01-01-2000,130.0,19.0000,0.043359,0.128096
12-00-00_01-01-2000,130.0,22.1667,0.087914,0.323537
12-00-00_01-01-2000,145.0,-6.3334,0.052255,-0.102154
12-00-00_01-01-2000,145.0,-3.1667,0.104408,0.036647
12-00-00_01-01-2000,145.0,0.0000,0.053403,-0.072724
12-00-00_01-01-2000,145.0,3.1667,0.119614,0.891398
12-00-00_01-01-2000,145.0,6.3333,0.042085,0.048539
12-00-00_01-01-2000,145.0,9.5000,0.011062,-0.455484
12-00-00_01-01-2000,145.0,11.6900,0.030468,-0.288979
12-00-00_01-01-2000,145.0,15.8333,0.055274,0.287690
12-00-00_01-01-2000,145.0,19.0000,0.025065,0.007977
12-00-00_01-01-2000,145.0,22.1667,0.015347,-0.480212
12-00-00_01-01-2000,160.0,-6.3334,0.099452,-0.084727
12-00-00_01-01-2000,160.0,-3.1667,0.096283,0.192177
12-00-00_01-01-2000,160.0,0.0000,0.092546,0.126262
12-00-00_01-01-2000,160.0,3.1667,0.042236,-0.138239
12-00-00_01-01-2000,160.0,6.3333,0.012619,-0.395107
12-00-00_01-01-2000,160.0,9.5000,0.062984,0.013118
12-00-00_01-01-2000,160.0,11.6900,0.087934,0.168174
12-00-00_01-01-2000,160.0,15.8333,0.043196,-0.329550
12-00-00_01-01-2000,160.0,19.0000,0.015705,-0.098337
12-00-00_01-01-2000,160.0,22.1667,0.045801,0.085810
12-00-00_01-01-2000,175.0,-6.3334,0.069727,-0.139558
12-00-00_01-01-2000,175.0,-3.1667,0.054270,-0.190995
12-00-00_01-01-2000,175.0,0.0000,0.075551,-0.038421
12-00-00_01-01-2000,175.0,3.1667,0.059609,-0.050983
12-00-00_01-01-2000,175.0,6.3333,0.014244,-0.337884
12-00-00_01-01-2000,175.0,9.5000,0.077602,-0.318283
12-00-00_01-01-2000,175.0,11.6900,0.045667,-0.182178
12-00-00_01-01-2000,175.0,15.8333,0.057350,-0.161689
12-00-00_01-01-2000,175.0,19.0000,0.049436,0.033565
12-00-00_01-01-2000,175.0,22.1667,0.000805,-0.090162
12-00-00_01-01-2000,190.0,-6.3334,0.098862,-0.097731
12-00-00_01-01-2000,190.0,-3.1667,0.037671,-0.206900
12-00-00_01-01-2000,190.0,0.0000,0.051263,-0.082582
12-00-00_01-01-2000,190.0,3.1667,0.086933,0.076597
12-00-00_01-01-2000,190.0,6.3333,0.022001,-0.825791
12-00-00_01-01-2000,190.0,9.5000,0.065785,0.231003
12-00-00_01-01-2000,190.0,11.6900,0.032304,0.042021
12-00-00_01-01-2000,190.0,15.8333,0.018772,0.039222
12-00-00_01-01-2000,190.0,19.0000,0.019119,-0.261707
12-00-00_01-01-2000,190.0,22.1667,0.041206,-0.129799