12-00-00_01-01-2000,-0.3333,-0.081,20,0.0000
12-00-00_01-01-2000,-0.3333,0.002,20,0.0000
12-00-00_01-01-2000,-0.3333,0.005,20,0.0000
12-00-00_01-01-2000,-0.3333,0.168,20,0.0000
12-00-00_01-01-2000,-0.3333,0.251,20,0.0000
12-00-00_01-01-2000,-0.3333,0.334,20,0.0000
12-00-00_01-01-2000,-0.3333,0.417,20,0.0000
12-00-00_01-01-2000,-0.3333,0.5,20,0.0000
12-00-00_01-01-2000,-0.3333,0.583,20,0.0000
12-00-00_01-01-2000,0.0,-0.081,20,0.0000
12-00-00_01-01-2000,0.0,0.002,20,0.0000
12-00-00_01-01-2000,0.0,0.005,20,0.0000
12-00-00_01-01-2000,0.0,0.168,20,0.0000
12-00-00_01-01-2000,0.0,0.251,20,0.0000
12-00-00_01-01-2000,0.0,0.334,20,0.0000
12-00-00_01-01-2000,0.0,0.417,20,0.0000
12-00-00_01-01-2000,0.0,0.5,20,0.0000
12-00-00_01-01-2000,0.0,0.583,20,0.0000
12-00-00_01-01-2000,0.3333,-0.081,20,0.0000
12-00-00_01-01-2000,0.3333,0.002,7.10764,0.0000
12-00-00_01-01-2000,0.3333,0.005,3.49771,0.0000
12-00-00_01-01-2000,0.3333,0.168,11.9182,0.0000
12-00-00_01-01-2000,0.3333,0.251,13.2747,0.0000
12-00-00_01-01-2000,0.3333,0.334,13.2689,0.0000
12-00-00_01-01-2000,0.3333,0.417,13.2694,0.0000
12-00-00_01-01-2000,0.3333,0.5,20,0.0000
12-00-00_01-01-2000,0.3333,0.583,20,0.0000
12-00-00_01-01-2000,0.62,-0.081,20,0.0000
12-00-00_01-01-2000,0.62,0.002,7.3482,0.0000
12-00-00_01-01-2000,0.62,0.005,2.90755,0.0000
12-00-00_01-01-2000,0.62,0.168,3.32458,0.0000
12-00-00_01-01-2000,0.62,0.251,3.37087,0.0000
12-00-00_01-01-2000,0.62,0.334,9.35781,0.0000
12-00-00_01-01-2000,0.62,0.417,3.59413,0.0000
12-00-00_01-01-2000,0.62,0.5,9.36245,0.0000
12-00-00_01-01-2000,0.62,0.583,9.36329,0.0000
12-00-00_01-01-2000,1.0,-0.081,20,0.0000
12-00-00_01-01-2000,1.0,0.002,7.38465,0.0000
12-00-00_01-01-2000,1.0,0.005,3.05336,0.0000
12-00-00_01-01-2000,1.0,0.168,3.49556,0.0000
12-00-00_01-01-2000,1.0,0.251,10.7776,0.0000
12-00-00_01-01-2000,1.0,0.334,10.2591,0.0000
12-00-00_01-01-2000,1.0,0.417,3.49759,0.0000
12-00-00_01-01-2000,1.0,0.5,9.36078,0.0000
12-00-00_01-01-2000,1.0,0.583,3.49909,0.0000
12-00-00_01-01-2000,1.3333,-0.081,20,0.0000
12-00-00_01-01-2000,1.3333,0.002,7.6452,0.0000
12-00-00_01-01-2000,1.3333,0.005,3.66956,0.0000
12-00-00_01-01-2000,1.3333,0.168,3.66692,0.0000
12-00-00_01-01-2000,1.3333,0.251,3.90093,0.0000
12-00-00_01-01-2000,1.3333,0.334,3.42435,0.0000
12-00-00_01-01-2000,1.3333,0.417,3.31231,0.0000
12-00-00_01-01-2000,1.3333,0.5,3.37805,0.0000
12-00-00_01-01-2000,1.3333,0.583,3.26789,0.0000
12-00-00_01-01-2000,1.6667,-0.081,20,0.0000
12-00-00_01-01-2000,1.6667,0.002,7.65298,0.0000
12-00-00_01-01-2000,1.6667,0.005,4.17642,0.0000
12-00-00_01-01-2000,1.6667,0.168,9.36197,0.0000
12-00-00_01-01-2000,1.6667,0.251,9.3577,0.0000
12-00-00_01-01-2000,1.6667,0.334,9.37029,0.0000
12-00-00_01-01-2000,1.6667,0.417,9.35882,0.0000
12-00-00_01-01-2000,1.6667,0.5,9.37539,0.0000
12-00-00_01-01-2000,1.6667,0.583,9.36817,0.0000
12-00-00_01-01-2000,2.0,-0.081,20,0.0000
12-00-00_01-01-2000,2.0,0.002,4.61545,0.0000
12-00-00_01-01-2000,2.0,0.005,6.8511,0.0000
12-00-00_01-01-2000,2.0,0.168,20,0.0000
12-00-00_01-01-2000,2.0,0.251,20,0.0000
12-00-00_01-01-2000,2.0,0.334,20,0.0000
12-00-00_01-01-2000,2.0,0.417,20,0.0000
12-00-00_01-01-2000,2.0,0.5,20,0.0000
12-00-00_01-01-2000,2.0,0.583,20,0.0000
12-00-00_01-01-2000,2.3333,-0.081,20,0.0000
12-00-00_01-01-2000,2.3333,0.002,13.2983,0.0000
12-00-00_01-01-2000,2.3333,0.005,14.4608,0.0000
12-00-00_01-01-2000,2.3333,0.168,20,0.0000
12-00-00_01-01-2000,2.3333,0.251,20,0.0000
12-00-00_01-01-2000,2.3333,0.334,20,0.0000
12-00-00_01-01-2000,2.3333,0.417,20,0.0000
12-00-00_01-01-2000,2.3333,0.5,20,0.0000
12-00-00_01-01-2000,2.3333,0.583,20,0.0000
