3-29-23_4-10-2023,-65.0,-3.1667,0.000000,NaN
3-42-1_4-10-2023,-65.0,0.0000,0.000000,NaN
3-54-41_4-10-2023,-65.0,3.1667,0.000000,NaN
4-7-18_4-10-2023,-65.0,6.3333,0.000000,NaN
4-19-54_4-10-2023,-65.0,9.5000,0.000000,NaN
4-32-33_4-10-2023,-65.0,11.6900,0.000000,NaN
4-45-5_4-10-2023,-65.0,15.8333,0.000000,NaN
4-57-32_4-10-2023,-65.0,19.0000,0.000000,NaN
5-9-57_4-10-2023,-65.0,22.1667,0.000000,NaN
5-22-37_4-10-2023,-50.0,-3.1667,0.000000,NaN
5-35-31_4-10-2023,-50.0,0.0000,0.000000,NaN
5-48-15_4-10-2023,-50.0,3.1667,0.000000,NaN
6-0-50_4-10-2023,-50.0,6.3333,0.000000,NaN
6-13-25_4-10-2023,-50.0,9.5000,0.000000,NaN
6-26-17_4-10-2023,-50.0,11.6900,0.000000,NaN
6-38-43_4-10-2023,-50.0,15.8333,0.000000,NaN
6-51-4_4-10-2023,-50.0,19.0000,0.000000,NaN
7-3-38_4-10-2023,-50.0,22.1667,0.000000,NaN
7-16-19_4-10-2023,-35.0,-3.1667,0.000000,NaN
7-28-55_4-10-2023,-35.0,0.0000,0.000000,NaN
7-41-30_4-10-2023,-35.0,3.1667,0.000000,NaN
7-54-5_4-10-2023,-35.0,6.3333,0.000000,NaN
8-6-30_4-10-2023,-35.0,9.5000,0.000000,NaN
8-18-53_4-10-2023,-35.0,11.6900,0.000000,NaN
8-31-4_4-10-2023,-35.0,15.8333,0.007220,-0.206424
8-43-13_4-10-2023,-35.0,19.0000,0.278635,1.203894
8-55-2_4-10-2023,-35.0,22.1667,0.311100,1.057041
9-7-27_4-10-2023,-20.0,-3.1667,0.000000,NaN
9-19-47_4-10-2023,-20.0,0.0000,0.007620,-0.402966
9-32-25_4-10-2023,-20.0,3.1667,0.000000,-0.068881
9-44-35_4-10-2023,-20.0,6.3333,0.040724,-0.229049
9-56-57_4-10-2023,-20.0,9.5000,0.142212,0.162101
10-9-10_4-10-2023,-20.0,11.6900,0.289736,1.340897
10-21-18_4-10-2023,-20.0,15.8333,0.320758,1.332083
10-33-5_4-10-2023,-20.0,19.0000,0.337362,1.356829
10-45-6_4-10-2023,-20.0,22.1667,0.258627,0.640994
10-57-24_4-10-2023,-5.0,-3.1667,0.097033,-0.281007
11-9-31_4-10-2023,-5.0,0.0000,0.115592,0.022464
11-21-56_4-10-2023,-5.0,3.1667,0.360209,1.505292
11-33-52_4-10-2023,-5.0,6.3333,0.328526,1.452758
11-45-58_4-10-2023,-5.0,9.5000,0.321299,0.914785
11-57-48_4-10-2023,-5.0,11.6900,0.291515,1.140321
0-9-34_4-11-2023,-5.0,15.8333,0.285824,0.965640
0-21-35_4-11-2023,-5.0,19.0000,0.308388,0.856885
0-33-21_4-11-2023,-5.0,22.1667,0.257122,0.530252
0-45-31_4-11-2023,3.0,-3.1667,0.058459,-0.167182
0-57-31_4-11-2023,3.0,0.0000,0.366700,1.495181
1-9-26_4-11-2023,3.0,3.1667,0.329806,1.338412
1-21-17_4-11-2023,3.0,6.3333,0.291177,0.468383
1-33-4_4-11-2023,3.0,9.5000,0.311791,0.675846
1-44-50_4-11-2023,3.0,11.6900,0.331123,1.149424
1-56-37_4-11-2023,3.0,15.8333,0.321841,1.034616
2-8-21_4-11-2023,3.0,19.0000,0.372891,1.245530
2-20-3_4-11-2023,3.0,22.1667,0.112999,-0.222761
2-31-55_4-11-2023,25.0,-3.1667,0.320426,1.384163
2-43-45_4-11-2023,25.0,0.0000,0.386959,1.238712
2-55-30_4-11-2023,25.0,3.1667,0.370554,0.976969
3-7-16_4-11-2023,25.0,6.3333,0.055164,0.181018
3-18-59_4-11-2023,25.0,9.5000,0.302665,0.815694
3-30-44_4-11-2023,25.0,11.6900,0.273035,0.620847
3-42-29_4-11-2023,25.0,15.8333,0.333691,0.955589
3-54-10_4-11-2023,25.0,19.0000,0.294786,0.512692
4-5-51_4-11-2023,25.0,22.1667,0.025167,0.276813
4-17-39_4-11-2023,40.0,-3.1667,0.388154,1.261292
4-29-25_4-11-2023,40.0,0.0000,0.372121,1.055449
4-41-10_4-11-2023,40.0,3.1667,0.166598,0.477103
4-52-51_4-11-2023,40.0,6.3333,0.244716,0.690802
5-4-35_4-11-2023,40.0,9.5000,0.161638,-0.104533
5-16-20_4-11-2023,40.0,11.6900,0.221926,0.371848
5-28-2_4-11-2023,40.0,15.8333,0.345166,1.144418
5-39-43_4-11-2023,40.0,19.0000,0.290253,0.985664
5-51-26_4-11-2023,40.0,22.1667,0.207719,0.942447
6-3-11_4-11-2023,55.0,-3.1667,0.330471,0.689664
6-14-52_4-11-2023,55.0,0.0000,0.114663,0.034358
6-26-34_4-11-2023,55.0,3.1667,0.209791,0.780978
6-38-17_4-11-2023,55.0,6.3333,0.103439,0.067121
6-49-58_4-11-2023,55.0,9.5000,0.102646,-0.129681
7-1-41_4-11-2023,55.0,11.6900,0.215729,0.280696
7-13-21_4-11-2023,55.0,15.8333,0.249705,0.703962
7-25-1_4-11-2023,55.0,19.0000,0.118582,-0.111190
7-36-41_4-11-2023,55.0,22.1667,0.264370,1.003978
2-39-11_4-12-2023,70.0,-3.1667,0.117393,0.289917
2-50-49_4-12-2023,70.0,0.0000,0.070323,-0.104642
3-2-25_4-12-2023,70.0,3.1667,0.035812,-0.055743
3-13-58_4-12-2023,70.0,6.3333,0.048259,-0.126722
3-25-31_4-12-2023,70.0,9.5000,0.203125,0.737690
3-37-29_4-12-2023,70.0,11.6900,0.204468,0.432642
3-49-3_4-12-2023,70.0,15.8333,0.239431,0.858396
4-0-34_4-12-2023,70.0,19.0000,0.109449,0.428539
4-12-7_4-12-2023,70.0,22.1667,0.169061,0.631342
4-23-47_4-12-2023,85.0,-3.1667,0.043139,-0.840342
4-35-20_4-12-2023,85.0,0.0000,0.024062,-0.301062
4-46-54_4-12-2023,85.0,3.1667,0.120715,0.657309
4-58-26_4-12-2023,85.0,6.3333,0.127402,0.323087
5-9-56_4-12-2023,85.0,9.5000,0.112623,0.161001
5-21-28_4-12-2023,85.0,11.6900,0.106265,0.466471
5-32-58_4-12-2023,85.0,15.8333,0.127600,0.246886
5-44-30_4-12-2023,85.0,19.0000,0.132145,-0.227040
5-56-0_4-12-2023,85.0,22.1667,0.053159,-0.215927
6-7-33_4-12-2023,100.0,-3.1667,0.064568,0.154629
6-19-6_4-12-2023,100.0,0.0000,0.185141,1.126679
6-30-38_4-12-2023,100.0,3.1667,0.059930,-0.086348
6-42-11_4-12-2023,100.0,6.3333,0.037994,-0.204635
6-53-44_4-12-2023,100.0,9.5000,0.014871,-0.780195
7-5-15_4-12-2023,100.0,11.6900,0.056848,-0.292147
7-16-43_4-12-2023,100.0,15.8333,0.039802,-0.370493
7-28-27_4-12-2023,100.0,19.0000,0.035243,-0.208099
7-40-20_4-12-2023,100.0,22.1667,0.032999,-0.285499
7-51-53_4-12-2023,115.0,-3.1667,0.112879,0.666627
8-3-27_4-12-2023,115.0,0.0000,0.078621,0.076763
8-14-57_4-12-2023,115.0,3.1667,0.049498,0.505594
8-26-31_4-12-2023,115.0,6.3333,0.056816,-0.127927
8-38-6_4-12-2023,115.0,9.5000,0.055473,-0.050012
8-49-38_4-12-2023,115.0,11.6900,0.014470,-0.056984
9-1-8_4-12-2023,115.0,15.8333,0.038821,-0.166169
9-12-39_4-12-2023,115.0,19.0000,0.002365,-0.200375
9-24-8_4-12-2023,115.0,22.1667,0.072545,-0.250506
9-35-37_4-12-2023,130.0,-3.1667,0.069411,0.054774
9-47-7_4-12-2023,130.0,0.0000,0.040994,0.021128
9-58-37_4-12-2023,130.0,3.1667,0.060118,0.050901
10-10-10_4-12-2023,130.0,6.3333,0.026554,-0.238326
10-21-41_4-12-2023,130.0,9.5000,0.009506,-0.334370
10-33-13_4-12-2023,130.0,11.6900,0.041792,-0.381239
10-44-59_4-12-2023,130.0,15.8333,0.058371,-0.022995
10-56-31_4-12-2023,130.0,19.0000,0.043359,0.128096
11-8-1_4-12-2023,130.0,22.1667,0.087914,0.323537
11-19-34_4-12-2023,145.0,-3.1667,0.104408,0.036647
11-31-5_4-12-2023,145.0,0.0000,0.053403,-0.072724
11-42-34_4-12-2023,145.0,3.1667,0.119614,0.891398
11-54-4_4-12-2023,145.0,6.3333,0.042085,0.048539
0-5-35_4-13-2023,145.0,9.5000,0.011062,-0.455484
0-17-6_4-13-2023,145.0,11.6900,0.030468,-0.288979
0-28-37_4-13-2023,145.0,15.8333,0.055274,0.287690
0-40-10_4-13-2023,145.0,19.0000,0.025065,0.007977
0-51-45_4-13-2023,145.0,22.1667,0.015347,-0.480212
1-3-16_4-13-2023,160.0,-3.1667,0.096283,0.192177
1-14-47_4-13-2023,160.0,0.0000,0.092546,0.126262
1-26-17_4-13-2023,160.0,3.1667,0.042236,-0.138239
1-37-50_4-13-2023,160.0,6.3333,0.012619,-0.395107
1-49-21_4-13-2023,160.0,9.5000,0.062984,0.013118
2-0-55_4-13-2023,160.0,11.6900,0.087934,0.168174
2-12-26_4-13-2023,160.0,15.8333,0.043196,-0.329550
2-23-56_4-13-2023,160.0,19.0000,0.015705,-0.098337
2-35-26_4-13-2023,160.0,22.1667,0.045801,0.085810
2-46-55_4-13-2023,175.0,-3.1667,0.054270,-0.190995
2-58-23_4-13-2023,175.0,0.0000,0.075551,-0.038421
3-9-51_4-13-2023,175.0,3.1667,0.059609,-0.050983
3-21-15_4-13-2023,175.0,6.3333,0.014244,-0.337884
3-32-45_4-13-2023,175.0,9.5000,0.077602,-0.318283
3-44-12_4-13-2023,175.0,11.6900,0.045667,-0.182178
3-55-41_4-13-2023,175.0,15.8333,0.057350,-0.161689
4-7-8_4-13-2023,175.0,19.0000,0.049436,0.033565
4-18-36_4-13-2023,175.0,22.1667,0.000805,-0.090162
4-30-7_4-13-2023,190.0,-3.1667,0.037671,-0.206900
4-41-37_4-13-2023,190.0,0.0000,0.051263,-0.082582
4-53-5_4-13-2023,190.0,3.1667,0.086933,0.076597
5-4-32_4-13-2023,190.0,6.3333,0.022001,-0.825791
5-15-59_4-13-2023,190.0,9.5000,0.065785,0.231003
5-27-27_4-13-2023,190.0,11.6900,0.032304,0.042021
5-38-58_4-13-2023,190.0,15.8333,0.018772,0.039222
5-50-27_4-13-2023,190.0,19.0000,0.019119,-0.261707
6-1-58_4-13-2023,190.0,22.1667,0.041206,-0.129799
5-23-30_4-12-2023,-65.0,-28.5001,0.000000,NaN
5-35-60_4-12-2023,-65.0,-25.7293,0.000000,NaN
5-48-29_4-12-2023,-65.0,-22.9584,0.000000,NaN
6-1-25_4-12-2023,-65.0,-20.1876,0.000000,NaN
6-13-58_4-12-2023,-65.0,-17.4168,0.000000,NaN
6-26-34_4-12-2023,-65.0,-14.6459,0.000000,NaN
6-39-10_4-12-2023,-65.0,-11.8751,0.000000,NaN
6-52-9_4-12-2023,-65.0,-9.1042,0.000000,NaN
7-4-54_4-12-2023,-65.0,-6.3334,0.000000,NaN
7-17-23_4-12-2023,-50.0,-28.5001,0.000000,NaN
7-29-53_4-12-2023,-50.0,-25.7293,0.000000,NaN
7-42-27_4-12-2023,-50.0,-22.9584,0.000000,NaN
7-55-5_4-12-2023,-50.0,-20.1876,0.000000,NaN
8-7-41_4-12-2023,-50.0,-17.4168,0.000000,NaN
8-20-19_4-12-2023,-50.0,-14.6459,0.000000,NaN
8-33-1_4-12-2023,-50.0,-11.8751,0.000000,NaN
8-45-43_4-12-2023,-50.0,-9.1042,0.000000,NaN
8-58-27_4-12-2023,-50.0,-6.3334,0.000000,NaN
9-10-56_4-12-2023,-35.0,-28.5001,0.000000,NaN
9-23-27_4-12-2023,-35.0,-25.7293,0.000000,NaN
9-35-57_4-12-2023,-35.0,-22.9584,0.000000,NaN
9-48-33_4-12-2023,-35.0,-20.1876,0.000000,NaN
10-1-13_4-12-2023,-35.0,-17.4168,0.000000,NaN
10-13-48_4-12-2023,-35.0,-14.6459,0.000000,NaN
10-26-28_4-12-2023,-35.0,-11.8751,0.000000,NaN
10-39-11_4-12-2023,-35.0,-9.1042,0.000000,NaN
10-51-55_4-12-2023,-35.0,-6.3334,0.000000,NaN
11-4-22_4-12-2023,-20.0,-28.5001,0.000000,NaN
11-16-48_4-12-2023,-20.0,-25.7293,0.000000,NaN
11-29-17_4-12-2023,-20.0,-22.9584,0.000000,NaN
11-41-49_4-12-2023,-20.0,-20.1876,0.000000,NaN
11-54-20_4-12-2023,-20.0,-17.4168,0.000000,NaN
0-6-54_4-13-2023,-20.0,-14.6459,0.000000,NaN
0-19-29_4-13-2023,-20.0,-11.8751,0.000000,NaN
0-32-3_4-13-2023,-20.0,-9.1042,0.000000,NaN
0-44-35_4-13-2023,-20.0,-6.3334,0.000000,NaN
0-57-1_4-13-2023,-5.0,-28.5001,0.000000,NaN
1-9-26_4-13-2023,-5.0,-25.7293,0.000000,NaN
1-21-49_4-13-2023,-5.0,-22.9584,0.000000,NaN
1-34-12_4-13-2023,-5.0,-20.1876,0.000000,NaN
1-46-38_4-13-2023,-5.0,-17.4168,0.000000,NaN
1-59-8_4-13-2023,-5.0,-14.6459,0.000000,NaN
2-11-42_4-13-2023,-5.0,-11.8751,0.000000,NaN
2-24-10_4-13-2023,-5.0,-9.1042,0.107412,-0.210554
2-36-37_4-13-2023,-5.0,-6.3334,0.004860,-0.107654
2-49-3_4-13-2023,3.0,-28.5001,0.000000,NaN
3-1-26_4-13-2023,3.0,-25.7293,0.000000,NaN
3-13-48_4-13-2023,3.0,-22.9584,0.000000,NaN
3-26-13_4-13-2023,3.0,-20.1876,0.000000,NaN
3-38-41_4-13-2023,3.0,-17.4168,0.059390,-0.308044
3-51-9_4-13-2023,3.0,-14.6459,0.035975,-0.836049
4-3-39_4-13-2023,3.0,-11.8751,0.167096,0.257185
4-16-1_4-13-2023,3.0,-9.1042,0.039640,-0.491536
4-28-20_4-13-2023,3.0,-6.3334,0.000000,-0.291504
4-40-40_4-13-2023,25.0,-28.5001,0.123961,-0.341534
4-52-59_4-13-2023,25.0,-25.7293,0.079822,-0.111270
5-5-17_4-13-2023,25.0,-22.9584,0.078031,-0.453315
5-17-36_4-13-2023,25.0,-20.1876,0.128746,-0.056677
5-29-55_4-13-2023,25.0,-17.4168,0.068281,-0.266827
5-42-12_4-13-2023,25.0,-14.6459,0.023679,-0.071311
5-54-27_4-13-2023,25.0,-11.8751,0.000000,-0.375470
6-6-37_4-13-2023,25.0,-9.1042,0.040348,-0.194802
6-18-37_4-13-2023,25.0,-6.3334,0.417288,1.443620
6-30-54_4-13-2023,40.0,-28.5001,0.124190,-0.117060
6-43-13_4-13-2023,40.0,-25.7293,0.092819,-0.099959
6-55-31_4-13-2023,40.0,-22.9584,0.072194,-0.066697
7-7-44_4-13-2023,40.0,-20.1876,0.087602,-0.570715
7-19-59_4-13-2023,40.0,-17.4168,0.041705,-0.260860
7-32-10_4-13-2023,40.0,-14.6459,0.123363,-0.393131
7-44-14_4-13-2023,40.0,-11.8751,0.000000,0.107530
7-56-9_4-13-2023,40.0,-9.1042,0.389487,1.326816
8-8-5_4-13-2023,40.0,-6.3334,0.332609,1.319377
8-20-19_4-13-2023,55.0,-28.5001,0.114596,-0.095553
8-32-31_4-13-2023,55.0,-25.7293,0.082888,-0.224514
8-44-36_4-13-2023,55.0,-22.9584,0.097755,-0.175604
8-56-43_4-13-2023,55.0,-20.1876,0.159422,0.108035
9-8-50_4-13-2023,55.0,-17.4168,0.000000,-0.347215
9-20-50_4-13-2023,55.0,-14.6459,0.043771,-0.509073
9-32-45_4-13-2023,55.0,-11.8751,0.421761,1.475377
9-44-35_4-13-2023,55.0,-9.1042,0.340065,1.271118
9-56-24_4-13-2023,55.0,-6.3334,0.402701,1.305227
8-6-36_4-12-2023,70.0,-28.5001,0.099557,-0.173254
8-18-34_4-12-2023,70.0,-25.7293,0.100044,-0.233343
8-30-32_4-12-2023,70.0,-22.9584,0.000000,-0.198985
8-42-30_4-12-2023,70.0,-20.1876,0.000000,-0.289317
8-54-24_4-12-2023,70.0,-17.4168,0.105241,-0.468440
9-6-11_4-12-2023,70.0,-14.6459,0.352859,0.993675
9-17-59_4-12-2023,70.0,-11.8751,0.376771,1.418951
9-29-40_4-12-2023,70.0,-9.1042,0.161871,0.081077
9-41-23_4-12-2023,70.0,-6.3334,0.177491,0.491291
9-53-43_4-12-2023,85.0,-28.5001,0.000000,-0.480459
10-5-28_4-12-2023,85.0,-25.7293,0.000000,-0.175019
10-17-19_4-12-2023,85.0,-22.9584,0.179966,-0.007994
10-29-11_4-12-2023,85.0,-20.1876,0.009825,-0.409534
10-40-56_4-12-2023,85.0,-17.4168,0.157957,-0.060333
10-52-36_4-12-2023,85.0,-14.6459,0.402528,1.460567
11-4-19_4-12-2023,85.0,-11.8751,0.121749,-0.084936
11-16-0_4-12-2023,85.0,-9.1042,0.229752,0.650809
11-28-10_4-12-2023,85.0,-6.3334,0.127020,0.154646
11-39-44_4-12-2023,100.0,-28.5001,0.000000,-0.245607
11-51-19_4-12-2023,100.0,-25.7293,0.210202,0.045329
0-3-2_4-13-2023,100.0,-22.9584,0.017198,-0.467644
0-14-45_4-13-2023,100.0,-20.1876,0.000428,-0.094301
0-26-27_4-13-2023,100.0,-17.4168,0.310018,0.111345
0-38-6_4-13-2023,100.0,-14.6459,0.249003,0.327756
0-49-46_4-13-2023,100.0,-11.8751,0.285206,0.477810
1-1-26_4-13-2023,100.0,-9.1042,0.083014,-0.139497
1-13-2_4-13-2023,100.0,-6.3334,0.113135,0.594281
1-24-31_4-13-2023,115.0,-28.5001,0.000000,-0.135746
1-36-2_4-13-2023,115.0,-25.7293,0.000176,-0.073514
1-47-43_4-13-2023,115.0,-22.9584,0.097436,-0.302323
1-59-20_4-13-2023,115.0,-20.1876,0.135087,-0.501500
2-11-0_4-13-2023,115.0,-17.4168,0.276619,0.144550
2-22-42_4-13-2023,115.0,-14.6459,0.249806,0.214058
2-34-21_4-13-2023,115.0,-11.8751,0.137484,0.157244
2-45-60_4-13-2023,115.0,-9.1042,0.038813,-0.113088
2-57-35_4-13-2023,115.0,-6.3334,0.085118,0.703815
3-8-59_4-13-2023,130.0,-28.5001,0.000000,-0.405242
3-20-29_4-13-2023,130.0,-25.7293,0.239226,0.106918
3-32-6_4-13-2023,130.0,-22.9584,0.092107,-0.296993
3-43-44_4-13-2023,130.0,-20.1876,0.185342,-0.092575
3-55-19_4-13-2023,130.0,-17.4168,0.150195,-0.375432
4-6-55_4-13-2023,130.0,-14.6459,0.066235,0.205190
4-18-33_4-13-2023,130.0,-11.8751,0.053751,-0.070993
4-30-7_4-13-2023,130.0,-9.1042,0.117330,0.586886
4-41-39_4-13-2023,130.0,-6.3334,0.159568,0.584669
4-53-4_4-13-2023,145.0,-28.5001,0.000000,-0.405172
5-4-30_4-13-2023,145.0,-25.7293,0.000098,-0.092031
5-16-2_4-13-2023,145.0,-22.9584,0.062715,-0.388887
5-27-33_4-13-2023,145.0,-20.1876,0.113131,-0.293972
5-39-5_4-13-2023,145.0,-17.4168,0.040020,-0.314390
5-50-36_4-13-2023,145.0,-14.6459,0.045670,-0.124473
6-2-7_4-13-2023,145.0,-11.8751,0.098637,0.288859
6-13-42_4-13-2023,145.0,-9.1042,0.034463,-0.483342
6-25-17_4-13-2023,145.0,-6.3334,0.052255,-0.102154
6-36-43_4-13-2023,160.0,-28.5001,0.000000,-0.405148
6-48-13_4-13-2023,160.0,-25.7293,0.000098,-0.092031
6-59-45_4-13-2023,160.0,-22.9584,0.045282,-0.522957
7-11-19_4-13-2023,160.0,-20.1876,0.051310,0.041944
7-22-56_4-13-2023,160.0,-17.4168,0.033673,-0.312209
7-34-34_4-13-2023,160.0,-14.6459,0.117083,0.059107
7-46-8_4-13-2023,160.0,-11.8751,0.048277,-0.413407
7-57-42_4-13-2023,160.0,-9.1042,0.053360,-0.095330
8-9-17_4-13-2023,160.0,-6.3334,0.099452,-0.084727
8-20-39_4-13-2023,175.0,-28.5001,0.000000,-0.405148
8-32-8_4-13-2023,175.0,-25.7293,0.000098,-0.092031
8-43-40_4-13-2023,175.0,-22.9584,0.073606,-0.068676
8-55-14_4-13-2023,175.0,-20.1876,0.013797,-0.259512
9-6-48_4-13-2023,175.0,-17.4168,0.099480,-0.112783
9-18-22_4-13-2023,175.0,-14.6459,0.059185,-0.282367
9-29-55_4-13-2023,175.0,-11.8751,0.038336,-0.346625
9-41-30_4-13-2023,175.0,-9.1042,0.068191,-0.256207
9-53-7_4-13-2023,175.0,-6.3334,0.069727,-0.139558
10-4-33_4-13-2023,190.0,-28.5001,0.000000,-0.405148
10-16-29_4-13-2023,190.0,-25.7293,0.000098,-0.092031
10-28-3_4-13-2023,190.0,-22.9584,0.145404,0.636782
10-39-37_4-13-2023,190.0,-20.1876,0.026381,-0.128158
10-51-10_4-13-2023,190.0,-17.4168,0.109376,0.081912
11-2-44_4-13-2023,190.0,-14.6459,0.117934,0.082885
11-14-19_4-13-2023,190.0,-11.8751,0.096201,0.052224
11-25-52_4-13-2023,190.0,-9.1042,0.114973,0.141366
11-37-25_4-13-2023,190.0,-6.3334,0.098862,-0.097731