12-00-00_01-01-2000,-28.5001,-65.0,18.7897,0.0000
12-00-00_01-01-2000,-28.5001,-50.0,18.366,0.0000
12-00-00_01-01-2000,-28.5001,-35.0,6.77418,0.0000
12-00-00_01-01-2000,-28.5001,-20.0,6.0023,0.0000
12-00-00_01-01-2000,-28.5001,-5.0,5.33575,0.0000
12-00-00_01-01-2000,-28.5001,3.0,5.28578,0.0000
12-00-00_01-01-2000,-28.5001,25.0,15.3527,0.0000
12-00-00_01-01-2000,-28.5001,40.0,4.96386,0.0000
12-00-00_01-01-2000,-28.5001,55.0,4.86451,0.0000
12-00-00_01-01-2000,-28.5001,70.0,3.45816,0.0000
12-00-00_01-01-2000,-28.5001,85.0,3.76602,0.0000
12-00-00_01-01-2000,-28.5001,100.0,3.7451,0.0000
12-00-00_01-01-2000,-28.5001,115.0,3.57597,0.0000
12-00-00_01-01-2000,-28.5001,130.0,3.38475,0.0000
12-00-00_01-01-2000,-28.5001,145.0,3.25843,0.0000
12-00-00_01-01-2000,-28.5001,160.0,2.71824,0.0000
12-00-00_01-01-2000,-28.5001,175.0,9.3559,0.0000
12-00-00_01-01-2000,-28.5001,190.0,20.0,0.0000
12-00-00_01-01-2000,-25.7293,-65.0,18.7725,0.0000
12-00-00_01-01-2000,-25.7293,-50.0,18.3372,0.0000
12-00-00_01-01-2000,-25.7293,-35.0,6.80502,0.0000
12-00-00_01-01-2000,-25.7293,-20.0,6.11152,0.0000
12-00-00_01-01-2000,-25.7293,-5.0,5.36142,0.0000
12-00-00_01-01-2000,-25.7293,3.0,5.29282,0.0000
12-00-00_01-01-2000,-25.7293,25.0,5.04402,0.0000
12-00-00_01-01-2000,-25.7293,40.0,9.21248,0.0000
12-00-00_01-01-2000,-25.7293,55.0,3.586,0.0000
12-00-00_01-01-2000,-25.7293,70.0,3.67854,0.0000
12-00-00_01-01-2000,-25.7293,85.0,3.77482,0.0000
12-00-00_01-01-2000,-25.7293,100.0,3.64088,0.0000
12-00-00_01-01-2000,-25.7293,115.0,3.49988,0.0000
12-00-00_01-01-2000,-25.7293,130.0,3.28798,0.0000
12-00-00_01-01-2000,-25.7293,145.0,3.01652,0.0000
12-00-00_01-01-2000,-25.7293,160.0,2.81086,0.0000
12-00-00_01-01-2000,-25.7293,175.0,20.0,0.0000
12-00-00_01-01-2000,-25.7293,190.0,20.0,0.0000
12-00-00_01-01-2000,-22.9584,-65.0,18.7514,0.0000
12-00-00_01-01-2000,-22.9584,-50.0,18.3053,0.0000
12-00-00_01-01-2000,-22.9584,-35.0,6.86602,0.0000
12-00-00_01-01-2000,-22.9584,-20.0,6.07975,0.0000
12-00-00_01-01-2000,-22.9584,-5.0,5.31996,0.0000
12-00-00_01-01-2000,-22.9584,3.0,5.26236,0.0000
12-00-00_01-01-2000,-22.9584,25.0,5.07664,0.0000
12-00-00_01-01-2000,-22.9584,40.0,4.82603,0.0000
12-00-00_01-01-2000,-22.9584,55.0,3.49872,0.0000
12-00-00_01-01-2000,-22.9584,70.0,3.59576,0.0000
12-00-00_01-01-2000,-22.9584,85.0,3.72721,0.0000
12-00-00_01-01-2000,-22.9584,100.0,3.53325,0.0000
12-00-00_01-01-2000,-22.9584,115.0,3.34943,0.0000
12-00-00_01-01-2000,-22.9584,130.0,3.19304,0.0000
12-00-00_01-01-2000,-22.9584,145.0,2.78202,0.0000
12-00-00_01-01-2000,-22.9584,160.0,3.33373,0.0000
12-00-00_01-01-2000,-22.9584,175.0,20.0,0.0000
12-00-00_01-01-2000,-22.9584,190.0,20.0,0.0000
12-00-00_01-01-2000,-20.1876,-65.0,18.7301,0.0000
12-00-00_01-01-2000,-20.1876,-50.0,18.2751,0.0000
12-00-00_01-01-2000,-20.1876,-35.0,6.91159,0.0000
12-00-00_01-01-2000,-20.1876,-20.0,6.05347,0.0000
12-00-00_01-01-2000,-20.1876,-5.0,5.31809,0.0000
12-00-00_01-01-2000,-20.1876,3.0,5.29218,0.0000
12-00-00_01-01-2000,-20.1876,25.0,4.99233,0.0000
12-00-00_01-01-2000,-20.1876,40.0,4.42322,0.0000
12-00-00_01-01-2000,-20.1876,55.0,3.40576,0.0000
12-00-00_01-01-2000,-20.1876,70.0,3.62278,0.0000
12-00-00_01-01-2000,-20.1876,85.0,3.55059,0.0000
12-00-00_01-01-2000,-20.1876,100.0,3.32429,0.0000
12-00-00_01-01-2000,-20.1876,115.0,3.25958,0.0000
12-00-00_01-01-2000,-20.1876,130.0,2.78023,0.0000
12-00-00_01-01-2000,-20.1876,145.0,3.16544,0.0000
12-00-00_01-01-2000,-20.1876,160.0,20.0,0.0000
12-00-00_01-01-2000,-20.1876,175.0,20.0,0.0000
12-00-00_01-01-2000,-20.1876,190.0,20.0,0.0000
12-00-00_01-01-2000,-17.4168,-65.0,18.7065,0.0000
12-00-00_01-01-2000,-17.4168,-50.0,18.2416,0.0000
12-00-00_01-01-2000,-17.4168,-35.0,6.92706,0.0000
12-00-00_01-01-2000,-17.4168,-20.0,6.0878,0.0000
12-00-00_01-01-2000,-17.4168,-5.0,5.24212,0.0000
12-00-00_01-01-2000,-17.4168,3.0,5.21252,0.0000
12-00-00_01-01-2000,-17.4168,25.0,4.91627,0.0000
12-00-00_01-01-2000,-17.4168,40.0,4.14415,0.0000
12-00-00_01-01-2000,-17.4168,55.0,3.28798,0.0000
12-00-00_01-01-2000,-17.4168,70.0,3.59364,0.0000
12-00-00_01-01-2000,-17.4168,85.0,3.37723,0.0000
12-00-00_01-01-2000,-17.4168,100.0,3.33435,0.0000
12-00-00_01-01-2000,-17.4168,115.0,3.08201,0.0000
12-00-00_01-01-2000,-17.4168,130.0,2.89509,0.0000
12-00-00_01-01-2000,-17.4168,145.0,20.0,0.0000
12-00-00_01-01-2000,-17.4168,160.0,20.0,0.0000
12-00-00_01-01-2000,-17.4168,175.0,20.0,0.0000
12-00-00_01-01-2000,-17.4168,190.0,20.0,0.0000
12-00-00_01-01-2000,-14.6459,-65.0,18.6826,0.0000
12-00-00_01-01-2000,-14.6459,-50.0,18.2045,0.0000
12-00-00_01-01-2000,-14.6459,-35.0,6.82939,0.0000
12-00-00_01-01-2000,-14.6459,-20.0,5.63452,0.0000
12-00-00_01-01-2000,-14.6459,-5.0,5.24225,0.0000
12-00-00_01-01-2000,-14.6459,3.0,5.14351,0.0000
12-00-00_01-01-2000,-14.6459,25.0,4.78138,0.0000
12-00-00_01-01-2000,-14.6459,40.0,3.73829,0.0000
12-00-00_01-01-2000,-14.6459,55.0,3.42896,0.0000
12-00-00_01-01-2000,-14.6459,70.0,3.43863,0.0000
12-00-00_01-01-2000,-14.6459,85.0,3.30589,0.0000
12-00-00_01-01-2000,-14.6459,100.0,3.20317,0.0000
12-00-00_01-01-2000,-14.6459,115.0,2.85694,0.0000
12-00-00_01-01-2000,-14.6459,130.0,3.40078,0.0000
12-00-00_01-01-2000,-14.6459,145.0,20.0,0.0000
12-00-00_01-01-2000,-14.6459,160.0,20.0,0.0000
12-00-00_01-01-2000,-14.6459,175.0,20.0,0.0000
12-00-00_01-01-2000,-14.6459,190.0,20.0,0.0000
12-00-00_01-01-2000,-11.8751,-65.0,18.6581,0.0000
12-00-00_01-01-2000,-11.8751,-50.0,18.1636,0.0000
12-00-00_01-01-2000,-11.8751,-35.0,6.82894,0.0000
12-00-00_01-01-2000,-11.8751,-20.0,5.65673,0.0000
12-00-00_01-01-2000,-11.8751,-5.0,5.2661,0.0000
12-00-00_01-01-2000,-11.8751,3.0,5.09603,0.0000
12-00-00_01-01-2000,-11.8751,25.0,4.45478,0.0000
12-00-00_01-01-2000,-11.8751,40.0,3.29893,0.0000
12-00-00_01-01-2000,-11.8751,55.0,3.42456,0.0000
12-00-00_01-01-2000,-11.8751,70.0,3.26395,0.0000
12-00-00_01-01-2000,-11.8751,85.0,3.25935,0.0000
12-00-00_01-01-2000,-11.8751,100.0,2.81527,0.0000
12-00-00_01-01-2000,-11.8751,115.0,3.26342,0.0000
12-00-00_01-01-2000,-11.8751,130.0,20.0,0.0000
12-00-00_01-01-2000,-11.8751,145.0,20.0,0.0000
12-00-00_01-01-2000,-11.8751,160.0,20.0,0.0000
12-00-00_01-01-2000,-11.8751,175.0,20.0,0.0000
12-00-00_01-01-2000,-11.8751,190.0,12.071,0.0000
12-00-00_01-01-2000,-9.1042,-65.0,18.6294,0.0000
12-00-00_01-01-2000,-9.1042,-50.0,18.1213,0.0000
12-00-00_01-01-2000,-9.1042,-35.0,6.85648,0.0000
12-00-00_01-01-2000,-9.1042,-20.0,5.83784,0.0000
12-00-00_01-01-2000,-9.1042,-5.0,5.23117,0.0000
12-00-00_01-01-2000,-9.1042,3.0,5.07562,0.0000
12-00-00_01-01-2000,-9.1042,25.0,4.16213,0.0000
12-00-00_01-01-2000,-9.1042,40.0,3.09328,0.0000
12-00-00_01-01-2000,-9.1042,55.0,3.17467,0.0000
12-00-00_01-01-2000,-9.1042,70.0,3.23511,0.0000
12-00-00_01-01-2000,-9.1042,85.0,2.80379,0.0000
12-00-00_01-01-2000,-9.1042,100.0,3.25889,0.0000
12-00-00_01-01-2000,-9.1042,115.0,3.59275,0.0000
12-00-00_01-01-2000,-9.1042,130.0,20.0,0.0000
12-00-00_01-01-2000,-9.1042,145.0,20.0,0.0000
12-00-00_01-01-2000,-9.1042,160.0,20.0,0.0000
12-00-00_01-01-2000,-9.1042,175.0,20.0,0.0000
12-00-00_01-01-2000,-9.1042,190.0,12.0602,0.0000
12-00-00_01-01-2000,-6.3334,-65.0,18.5982,0.0000
12-00-00_01-01-2000,-6.3334,-50.0,18.0747,0.0000
12-00-00_01-01-2000,-6.3334,-35.0,6.89283,0.0000
12-00-00_01-01-2000,-6.3334,-20.0,5.35733,0.0000
12-00-00_01-01-2000,-6.3334,-5.0,5.17706,0.0000
12-00-00_01-01-2000,-6.3334,3.0,5.03012,0.0000
12-00-00_01-01-2000,-6.3334,25.0,3.89307,0.0000
12-00-00_01-01-2000,-6.3334,40.0,2.88803,0.0000
12-00-00_01-01-2000,-6.3334,55.0,3.18508,0.0000
12-00-00_01-01-2000,-6.3334,70.0,3.04451,0.0000
12-00-00_01-01-2000,-6.3334,85.0,3.22096,0.0000
12-00-00_01-01-2000,-6.3334,100.0,3.52367,0.0000
12-00-00_01-01-2000,-6.3334,115.0,20.0,0.0000
12-00-00_01-01-2000,-6.3334,130.0,20.0,0.0000
12-00-00_01-01-2000,-6.3334,145.0,20.0,0.0000
12-00-00_01-01-2000,-6.3334,160.0,20.0,0.0000
12-00-00_01-01-2000,-6.3334,175.0,12.0726,0.0000
12-00-00_01-01-2000,-6.3334,190.0,12.0671,0.0000
12-00-00_01-01-2000,-3.1667,-65.0,18.5599,0.0000
12-00-00_01-01-2000,-3.1667,-50.0,18.017,0.0000
12-00-00_01-01-2000,-3.1667,-35.0,6.93726,0.0000
12-00-00_01-01-2000,-3.1667,-20.0,5.43665,0.0000
12-00-00_01-01-2000,-3.1667,-5.0,5.0775,0.0000
12-00-00_01-01-2000,-3.1667,3.0,4.88423,0.0000
12-00-00_01-01-2000,-3.1667,25.0,3.47311,0.0000
12-00-00_01-01-2000,-3.1667,40.0,2.9497,0.0000
12-00-00_01-01-2000,-3.1667,55.0,2.97617,0.0000
12-00-00_01-01-2000,-3.1667,70.0,2.95621,0.0000
12-00-00_01-01-2000,-3.1667,85.0,3.56988,0.0000
12-00-00_01-01-2000,-3.1667,100.0,3.77714,0.0000
12-00-00_01-01-2000,-3.1667,115.0,20.0,0.0000
12-00-00_01-01-2000,-3.1667,130.0,20.0,0.0000
12-00-00_01-01-2000,-3.1667,145.0,20.0,0.0000
12-00-00_01-01-2000,-3.1667,160.0,20.0,0.0000
12-00-00_01-01-2000,-3.1667,175.0,12.0737,0.0000
12-00-00_01-01-2000,-3.1667,190.0,12.227,0.0000
12-00-00_01-01-2000,0.0,-65.0,18.5226,0.0000
12-00-00_01-01-2000,0.0,-50.0,17.9472,0.0000
12-00-00_01-01-2000,0.0,-35.0,6.21793,0.0000
12-00-00_01-01-2000,0.0,-20.0,5.14166,0.0000
12-00-00_01-01-2000,0.0,-5.0,4.96484,0.0000
12-00-00_01-01-2000,0.0,3.0,4.2575,0.0000
12-00-00_01-01-2000,0.0,25.0,2.51325,0.0000
12-00-00_01-01-2000,0.0,40.0,2.6015,0.0000
12-00-00_01-01-2000,0.0,55.0,3.21693,0.0000
12-00-00_01-01-2000,0.0,70.0,3.65517,0.0000
12-00-00_01-01-2000,0.0,85.0,3.8945,0.0000
12-00-00_01-01-2000,0.0,100.0,20.0,0.0000
12-00-00_01-01-2000,0.0,115.0,20.0,0.0000
12-00-00_01-01-2000,0.0,130.0,20.0,0.0000
12-00-00_01-01-2000,0.0,145.0,20.0,0.0000
12-00-00_01-01-2000,0.0,160.0,12.234,0.0000
12-00-00_01-01-2000,0.0,175.0,12.2312,0.0000
12-00-00_01-01-2000,0.0,190.0,12.2189,0.0000
12-00-00_01-01-2000,3.1667,-65.0,18.4776,0.0000
12-00-00_01-01-2000,3.1667,-50.0,17.8731,0.0000
12-00-00_01-01-2000,3.1667,-35.0,6.24643,0.0000
12-00-00_01-01-2000,3.1667,-20.0,5.16257,0.0000
12-00-00_01-01-2000,3.1667,-5.0,4.69457,0.0000
12-00-00_01-01-2000,3.1667,3.0,4.06217,0.0000
12-00-00_01-01-2000,3.1667,25.0,2.29684,0.0000
12-00-00_01-01-2000,3.1667,40.0,3.18513,0.0000
12-00-00_01-01-2000,3.1667,55.0,3.71332,0.0000
12-00-00_01-01-2000,3.1667,70.0,3.91525,0.0000
12-00-00_01-01-2000,3.1667,85.0,3.95783,0.0000
12-00-00_01-01-2000,3.1667,100.0,20.0,0.0000
12-00-00_01-01-2000,3.1667,115.0,20.0,0.0000
12-00-00_01-01-2000,3.1667,130.0,20.0,0.0000
12-00-00_01-01-2000,3.1667,145.0,12.2364,0.0000
12-00-00_01-01-2000,3.1667,160.0,12.232,0.0000
12-00-00_01-01-2000,3.1667,175.0,12.2207,0.0000
12-00-00_01-01-2000,3.1667,190.0,12.2187,0.0000
12-00-00_01-01-2000,6.3333,-65.0,18.4265,0.0000
12-00-00_01-01-2000,6.3333,-50.0,17.7834,0.0000
12-00-00_01-01-2000,6.3333,-35.0,5.99295,0.0000
12-00-00_01-01-2000,6.3333,-20.0,4.81566,0.0000
12-00-00_01-01-2000,6.3333,-5.0,3.56795,0.0000
12-00-00_01-01-2000,6.3333,3.0,2.35273,0.0000
12-00-00_01-01-2000,6.3333,25.0,3.00436,0.0000
12-00-00_01-01-2000,6.3333,40.0,3.51092,0.0000
12-00-00_01-01-2000,6.3333,55.0,3.73984,0.0000
12-00-00_01-01-2000,6.3333,70.0,20.0,0.0000
12-00-00_01-01-2000,6.3333,85.0,20.0,0.0000
12-00-00_01-01-2000,6.3333,100.0,20.0,0.0000
12-00-00_01-01-2000,6.3333,115.0,20.0,0.0000
12-00-00_01-01-2000,6.3333,130.0,20.0,0.0000
12-00-00_01-01-2000,6.3333,145.0,11.9301,0.0000
12-00-00_01-01-2000,6.3333,160.0,11.9189,0.0000
12-00-00_01-01-2000,6.3333,175.0,11.9192,0.0000
12-00-00_01-01-2000,6.3333,190.0,11.9257,0.0000
12-00-00_01-01-2000,9.5,-65.0,18.371,0.0000
12-00-00_01-01-2000,9.5,-50.0,6.9933,0.0000
12-00-00_01-01-2000,9.5,-35.0,5.66453,0.0000
12-00-00_01-01-2000,9.5,-20.0,4.62721,0.0000
12-00-00_01-01-2000,9.5,-5.0,3.10621,0.0000
12-00-00_01-01-2000,9.5,3.0,2.95371,0.0000
12-00-00_01-01-2000,9.5,25.0,3.60979,0.0000
12-00-00_01-01-2000,9.5,40.0,3.78119,0.0000
12-00-00_01-01-2000,9.5,55.0,20.0,0.0000
12-00-00_01-01-2000,9.5,70.0,20.0,0.0000
12-00-00_01-01-2000,9.5,85.0,20.0,0.0000
12-00-00_01-01-2000,9.5,100.0,20.0,0.0000
12-00-00_01-01-2000,9.5,115.0,20.0,0.0000
12-00-00_01-01-2000,9.5,130.0,11.9273,0.0000
12-00-00_01-01-2000,9.5,145.0,11.9101,0.0000
12-00-00_01-01-2000,9.5,160.0,11.8896,0.0000
12-00-00_01-01-2000,9.5,175.0,11.9177,0.0000
12-00-00_01-01-2000,9.5,190.0,11.9243,0.0000
12-00-00_01-01-2000,11.69,-65.0,18.3253,0.0000
12-00-00_01-01-2000,11.69,-50.0,6.80208,0.0000
12-00-00_01-01-2000,11.69,-35.0,5.38409,0.0000
12-00-00_01-01-2000,11.69,-20.0,3.3399,0.0000
12-00-00_01-01-2000,11.69,-5.0,3.56921,0.0000
12-00-00_01-01-2000,11.69,3.0,2.91123,0.0000
12-00-00_01-01-2000,11.69,25.0,3.81577,0.0000
12-00-00_01-01-2000,11.69,40.0,20.0,0.0000
12-00-00_01-01-2000,11.69,55.0,20.0,0.0000
12-00-00_01-01-2000,11.69,70.0,20.0,0.0000
12-00-00_01-01-2000,11.69,85.0,20.0,0.0000
12-00-00_01-01-2000,11.69,100.0,20.0,0.0000
12-00-00_01-01-2000,11.69,115.0,20.0,0.0000
12-00-00_01-01-2000,11.69,130.0,11.9048,0.0000
12-00-00_01-01-2000,11.69,145.0,11.8874,0.0000
12-00-00_01-01-2000,11.69,160.0,11.9079,0.0000
12-00-00_01-01-2000,11.69,175.0,11.9149,0.0000
12-00-00_01-01-2000,11.69,190.0,11.9133,0.0000
12-00-00_01-01-2000,15.8333,-65.0,18.2261,0.0000
12-00-00_01-01-2000,15.8333,-50.0,6.79932,0.0000
12-00-00_01-01-2000,15.8333,-35.0,4.79691,0.0000
12-00-00_01-01-2000,15.8333,-20.0,7.37886,0.0000
12-00-00_01-01-2000,15.8333,-5.0,3.71751,0.0000
12-00-00_01-01-2000,15.8333,3.0,3.96203,0.0000
12-00-00_01-01-2000,15.8333,25.0,20.0,0.0000
12-00-00_01-01-2000,15.8333,40.0,20.0,0.0000
12-00-00_01-01-2000,15.8333,55.0,20.0,0.0000
12-00-00_01-01-2000,15.8333,70.0,20.0,0.0000
12-00-00_01-01-2000,15.8333,85.0,20.0,0.0000
12-00-00_01-01-2000,15.8333,100.0,20.0,0.0000
12-00-00_01-01-2000,15.8333,115.0,11.9195,0.0000
12-00-00_01-01-2000,15.8333,130.0,11.9049,0.0000
12-00-00_01-01-2000,15.8333,145.0,11.9095,0.0000
12-00-00_01-01-2000,15.8333,160.0,11.9041,0.0000
12-00-00_01-01-2000,15.8333,175.0,11.9065,0.0000
12-00-00_01-01-2000,15.8333,190.0,11.9015,0.0000
12-00-00_01-01-2000,19.0,-65.0,18.1301,0.0000
12-00-00_01-01-2000,19.0,-50.0,6.89607,0.0000
12-00-00_01-01-2000,19.0,-35.0,4.32966,0.0000
12-00-00_01-01-2000,19.0,-20.0,3.94462,0.0000
12-00-00_01-01-2000,19.0,-5.0,4.10761,0.0000
12-00-00_01-01-2000,19.0,3.0,20.0,0.0000
12-00-00_01-01-2000,19.0,25.0,20.0,0.0000
12-00-00_01-01-2000,19.0,40.0,20.0,0.0000
12-00-00_01-01-2000,19.0,55.0,20.0,0.0000
12-00-00_01-01-2000,19.0,70.0,20.0,0.0000
12-00-00_01-01-2000,19.0,85.0,20.0,0.0000
12-00-00_01-01-2000,19.0,100.0,12.7558,0.0000
12-00-00_01-01-2000,19.0,115.0,11.8152,0.0000
12-00-00_01-01-2000,19.0,130.0,11.7378,0.0000
12-00-00_01-01-2000,19.0,145.0,11.7106,0.0000
12-00-00_01-01-2000,19.0,160.0,11.9028,0.0000
12-00-00_01-01-2000,19.0,175.0,11.904,0.0000
12-00-00_01-01-2000,19.0,190.0,11.9064,0.0000
12-00-00_01-01-2000,22.1667,-65.0,18.0079,0.0000
12-00-00_01-01-2000,22.1667,-50.0,6.19224,0.0000
12-00-00_01-01-2000,22.1667,-35.0,12.6903,0.0000
12-00-00_01-01-2000,22.1667,-20.0,6.22295,0.0000
12-00-00_01-01-2000,22.1667,-5.0,19.0827,0.0000
12-00-00_01-01-2000,22.1667,3.0,19.1092,0.0000
12-00-00_01-01-2000,22.1667,25.0,20.0,0.0000
12-00-00_01-01-2000,22.1667,40.0,20.0,0.0000
12-00-00_01-01-2000,22.1667,55.0,20.0,0.0000
12-00-00_01-01-2000,22.1667,70.0,20.0,0.0000
12-00-00_01-01-2000,22.1667,85.0,20.0,0.0000
12-00-00_01-01-2000,22.1667,100.0,20.0,0.0000
12-00-00_01-01-2000,22.1667,115.0,12.4579,0.0000
12-00-00_01-01-2000,22.1667,130.0,20,0.0000
12-00-00_01-01-2000,22.1667,145.0,20,0.0000
12-00-00_01-01-2000,22.1667,160.0,12.2389,0.0000
12-00-00_01-01-2000,22.1667,175.0,11.8249,0.0000
12-00-00_01-01-2000,22.1667,190.0,11.9461,0.0000
