12-00-00_01-01-2000,125.0,-40.0,3.9265,0.0000
12-00-00_01-01-2000,125.0,-33.75,3.69407,0.0000
12-00-00_01-01-2000,125.0,-27.5,3.39206,0.0000
12-00-00_01-01-2000,125.0,-21.25,3.20143,0.0000
12-00-00_01-01-2000,125.0,-15.0,3.21062,0.0000
12-00-00_01-01-2000,125.0,-8.75,20.0,0.0000
12-00-00_01-01-2000,125.0,-2.5,20.0,0.0000
12-00-00_01-01-2000,125.0,3.75,20.0,0.0000
12-00-00_01-01-2000,125.0,10.0,11.9234,0.0000
12-00-00_01-01-2000,140.0,-40.0,3.79741,0.0000
12-00-00_01-01-2000,140.0,-33.75,3.49858,0.0000
12-00-00_01-01-2000,140.0,-27.5,3.34888,0.0000
12-00-00_01-01-2000,140.0,-21.25,2.80615,0.0000
12-00-00_01-01-2000,140.0,-15.0,20.0,0.0000
12-00-00_01-01-2000,140.0,-8.75,20.0,0.0000
12-00-00_01-01-2000,140.0,-2.5,20.0,0.0000
12-00-00_01-01-2000,140.0,3.75,20.0,0.0000
12-00-00_01-01-2000,140.0,10.0,11.9115,0.0000
12-00-00_01-01-2000,156.0,-40.0,3.54689,0.0000
12-00-00_01-01-2000,156.0,-33.75,3.29592,0.0000
12-00-00_01-01-2000,156.0,-27.5,2.72376,0.0000
12-00-00_01-01-2000,156.0,-21.25,20.0,0.0000
12-00-00_01-01-2000,156.0,-15.0,20.0,0.0000
12-00-00_01-01-2000,156.0,-8.75,20.0,0.0000
12-00-00_01-01-2000,156.0,-2.5,20.0,0.0000
12-00-00_01-01-2000,156.0,3.75,12.2312,0.0000
12-00-00_01-01-2000,156.0,10.0,11.9105,0.0000
12-00-00_01-01-2000,171.0,-40.0,3.367,0.0000
12-00-00_01-01-2000,171.0,-33.75,2.96072,0.0000
12-00-00_01-01-2000,171.0,-27.5,3.11128,0.0000
12-00-00_01-01-2000,171.0,-21.25,20.0,0.0000
12-00-00_01-01-2000,171.0,-15.0,20.0,0.0000
12-00-00_01-01-2000,171.0,-8.75,20.0,0.0000
12-00-00_01-01-2000,171.0,-2.5,12.0707,0.0000
12-00-00_01-01-2000,171.0,3.75,12.2186,0.0000
12-00-00_01-01-2000,171.0,10.0,11.916,0.0000
12-00-00_01-01-2000,187.0,-40.0,3.08161,0.0000
12-00-00_01-01-2000,187.0,-33.75,9.34683,0.0000
12-00-00_01-01-2000,187.0,-27.5,20.0,0.0000
12-00-00_01-01-2000,187.0,-21.25,20.0,0.0000
12-00-00_01-01-2000,187.0,-15.0,20.0,0.0000
12-00-00_01-01-2000,187.0,-8.75,12.062,0.0000
12-00-00_01-01-2000,187.0,-2.5,12.2295,0.0000
12-00-00_01-01-2000,187.0,3.75,12.2146,0.0000
12-00-00_01-01-2000,187.0,10.0,11.9207,0.0000
12-00-00_01-01-2000,203.0,-40.0,9.34003,0.0000
12-00-00_01-01-2000,203.0,-33.75,20.0,0.0000
12-00-00_01-01-2000,203.0,-27.5,20.0,0.0000
12-00-00_01-01-2000,203.0,-21.25,20.0,0.0000
12-00-00_01-01-2000,203.0,-15.0,12.0586,0.0000
12-00-00_01-01-2000,203.0,-8.75,12.2313,0.0000
12-00-00_01-01-2000,203.0,-2.5,12.2195,0.0000
12-00-00_01-01-2000,203.0,3.75,12.2265,0.0000
12-00-00_01-01-2000,203.0,10.0,11.9218,0.0000
12-00-00_01-01-2000,218.0,-40.0,20.0,0.0000
12-00-00_01-01-2000,218.0,-33.75,20.0,0.0000
12-00-00_01-01-2000,218.0,-27.5,20.0,0.0000
12-00-00_01-01-2000,218.0,-21.25,12.0678,0.0000
12-00-00_01-01-2000,218.0,-15.0,12.0719,0.0000
12-00-00_01-01-2000,218.0,-8.75,12.221,0.0000
12-00-00_01-01-2000,218.0,-2.5,12.2069,0.0000
12-00-00_01-01-2000,218.0,3.75,12.2328,0.0000
12-00-00_01-01-2000,218.0,10.0,11.9084,0.0000
12-00-00_01-01-2000,234.0,-40.0,20.0,0.0000
12-00-00_01-01-2000,234.0,-33.75,20.0,0.0000
12-00-00_01-01-2000,234.0,-27.5,12.0707,0.0000
12-00-00_01-01-2000,234.0,-21.25,12.2298,0.0000
12-00-00_01-01-2000,234.0,-15.0,12.1998,0.0000
12-00-00_01-01-2000,234.0,-8.75,12.2235,0.0000
12-00-00_01-01-2000,234.0,-2.5,12.2345,0.0000
12-00-00_01-01-2000,234.0,3.75,12.2288,0.0000
12-00-00_01-01-2000,234.0,10.0,11.9084,0.0000
12-00-00_01-01-2000,250.0,-40.0,20.0,0.0000
12-00-00_01-01-2000,250.0,-33.75,12.0583,0.0000
12-00-00_01-01-2000,250.0,-27.5,12.2218,0.0000
12-00-00_01-01-2000,250.0,-21.25,12.2161,0.0000
12-00-00_01-01-2000,250.0,-15.0,12.2149,0.0000
12-00-00_01-01-2000,250.0,-8.75,12.2336,0.0000
12-00-00_01-01-2000,250.0,-2.5,12.231,0.0000
12-00-00_01-01-2000,250.0,3.75,12.219,0.0000
12-00-00_01-01-2000,250.0,10.0,11.9084,0.0000
