12-00-00_01-01-2000,-60.0,-66.53,19.5992,0.0000
12-00-00_01-01-2000,-60.0,-64.03,18.1111,0.0000
12-00-00_01-01-2000,-60.0,-61.53,18.1078,0.0000
12-00-00_01-01-2000,-60.0,-59.03,18.1072,0.0000
12-00-00_01-01-2000,-60.0,-56.53,18.1011,0.0000
12-00-00_01-01-2000,-60.0,-54.03,18.0948,0.0000
12-00-00_01-01-2000,-60.0,-51.53,18.0886,0.0000
12-00-00_01-01-2000,-60.0,-49.03,18.0821,0.0000
12-00-00_01-01-2000,-60.0,-46.53,18.0699,0.0000
12-00-00_01-01-2000,-42.0,-66.53,6.35386,0.0000
12-00-00_01-01-2000,-42.0,-64.03,6.35482,0.0000
12-00-00_01-01-2000,-42.0,-61.53,6.04846,0.0000
12-00-00_01-01-2000,-42.0,-59.03,6.04354,0.0000
12-00-00_01-01-2000,-42.0,-56.53,6.05971,0.0000
12-00-00_01-01-2000,-42.0,-54.03,6.07475,0.0000
12-00-00_01-01-2000,-42.0,-51.53,6.07832,0.0000
12-00-00_01-01-2000,-42.0,-49.03,6.08006,0.0000
12-00-00_01-01-2000,-42.0,-46.53,6.09154,0.0000
12-00-00_01-01-2000,-25.0,-66.53,8.11524,0.0000
12-00-00_01-01-2000,-25.0,-64.03,4.84224,0.0000
12-00-00_01-01-2000,-25.0,-61.53,4.60695,0.0000
12-00-00_01-01-2000,-25.0,-59.03,4.68919,0.0000
12-00-00_01-01-2000,-25.0,-56.53,4.7473,0.0000
12-00-00_01-01-2000,-25.0,-54.03,4.76963,0.0000
12-00-00_01-01-2000,-25.0,-51.53,4.77103,0.0000
12-00-00_01-01-2000,-25.0,-49.03,4.79991,0.0000
12-00-00_01-01-2000,-25.0,-46.53,4.78877,0.0000
12-00-00_01-01-2000,-7.0,-66.53,13.948,0.0000
12-00-00_01-01-2000,-7.0,-64.03,6.71912,0.0000
12-00-00_01-01-2000,-7.0,-61.53,6.65313,0.0000
12-00-00_01-01-2000,-7.0,-59.03,3.75074,0.0000
12-00-00_01-01-2000,-7.0,-56.53,3.28203,0.0000
12-00-00_01-01-2000,-7.0,-54.03,2.58711,0.0000
12-00-00_01-01-2000,-7.0,-51.53,2.69101,0.0000
12-00-00_01-01-2000,-7.0,-49.03,3.37029,0.0000
12-00-00_01-01-2000,-7.0,-46.53,3.62348,0.0000
12-00-00_01-01-2000,10.0,-66.53,20.0,0.0000
12-00-00_01-01-2000,10.0,-64.03,20.0,0.0000
12-00-00_01-01-2000,10.0,-61.53,4.07326,0.0000
12-00-00_01-01-2000,10.0,-59.03,3.68223,0.0000
12-00-00_01-01-2000,10.0,-56.53,3.02722,0.0000
12-00-00_01-01-2000,10.0,-54.03,2.31644,0.0000
12-00-00_01-01-2000,10.0,-51.53,1.71707,0.0000
12-00-00_01-01-2000,10.0,-49.03,1.56733,0.0000
12-00-00_01-01-2000,10.0,-46.53,2.01489,0.0000
12-00-00_01-01-2000,27.0,-66.53,20.0,0.0000
12-00-00_01-01-2000,27.0,-64.03,20.0,0.0000
12-00-00_01-01-2000,27.0,-61.53,20.0,0.0000
12-00-00_01-01-2000,27.0,-59.03,3.91095,0.0000
12-00-00_01-01-2000,27.0,-56.53,3.6379,0.0000
12-00-00_01-01-2000,27.0,-54.03,3.38746,0.0000
12-00-00_01-01-2000,27.0,-51.53,3.04499,0.0000
12-00-00_01-01-2000,27.0,-49.03,2.65455,0.0000
12-00-00_01-01-2000,27.0,-46.53,2.11716,0.0000
12-00-00_01-01-2000,45.0,-66.53,20.0,0.0000
12-00-00_01-01-2000,45.0,-64.03,20.0,0.0000
12-00-00_01-01-2000,45.0,-61.53,20.0,0.0000
12-00-00_01-01-2000,45.0,-59.03,20.0,0.0000
12-00-00_01-01-2000,45.0,-56.53,20.0,0.0000
12-00-00_01-01-2000,45.0,-54.03,3.54729,0.0000
12-00-00_01-01-2000,45.0,-51.53,3.39624,0.0000
12-00-00_01-01-2000,45.0,-49.03,3.20431,0.0000
12-00-00_01-01-2000,45.0,-46.53,3.00576,0.0000
12-00-00_01-01-2000,62.0,-66.53,20.0,0.0000
12-00-00_01-01-2000,62.0,-64.03,20.0,0.0000
12-00-00_01-01-2000,62.0,-61.53,20.0,0.0000
12-00-00_01-01-2000,62.0,-59.03,20.0,0.0000
12-00-00_01-01-2000,62.0,-56.53,20.0,0.0000
12-00-00_01-01-2000,62.0,-54.03,3.64924,0.0000
12-00-00_01-01-2000,62.0,-51.53,3.52846,0.0000
12-00-00_01-01-2000,62.0,-49.03,3.38976,0.0000
12-00-00_01-01-2000,62.0,-46.53,3.23166,0.0000
12-00-00_01-01-2000,80.0,-66.53,20.0,0.0000
12-00-00_01-01-2000,80.0,-64.03,20.0,0.0000
12-00-00_01-01-2000,80.0,-61.53,20.0,0.0000
12-00-00_01-01-2000,80.0,-59.03,20.0,0.0000
12-00-00_01-01-2000,80.0,-56.53,20.0,0.0000
12-00-00_01-01-2000,80.0,-54.03,20.0,0.0000
12-00-00_01-01-2000,80.0,-51.53,3.54671,0.0000
12-00-00_01-01-2000,80.0,-49.03,3.43643,0.0000
12-00-00_01-01-2000,80.0,-46.53,3.33674,0.0000
