12-00-00_01-01-2000,125.0,-40.0,3.9265,0.0000
12-00-00_01-01-2000,125.0,-44.6863,3.99466,0.0000
12-00-00_01-01-2000,125.0,-49.3725,4.01606,0.0000
12-00-00_01-01-2000,125.0,-54.0587,3.97108,0.0000
12-00-00_01-01-2000,125.0,-58.745,4.05063,0.0000
12-00-00_01-01-2000,125.0,-63.4312,8.86308,0.0000
12-00-00_01-01-2000,125.0,-68.1175,4.0091,0.0000
12-00-00_01-01-2000,125.0,-72.8037,4.84171,0.0000
12-00-00_01-01-2000,125.0,-77.49,4.83111,0.0000
12-00-00_01-01-2000,140.0,-40.0,3.79741,0.0000
12-00-00_01-01-2000,140.0,-44.6863,3.90718,0.0000
12-00-00_01-01-2000,140.0,-49.3725,4.03777,0.0000
12-00-00_01-01-2000,140.0,-54.0587,4.06794,0.0000
12-00-00_01-01-2000,140.0,-58.745,4.15295,0.0000
12-00-00_01-01-2000,140.0,-63.4312,4.13456,0.0000
12-00-00_01-01-2000,140.0,-68.1175,8.77127,0.0000
12-00-00_01-01-2000,140.0,-72.8037,3.95447,0.0000
12-00-00_01-01-2000,140.0,-77.49,3.68638,0.0000
12-00-00_01-01-2000,156.0,-40.0,3.54689,0.0000
12-00-00_01-01-2000,156.0,-44.6863,3.76751,0.0000
12-00-00_01-01-2000,156.0,-49.3725,3.90583,0.0000
12-00-00_01-01-2000,156.0,-54.0587,3.99872,0.0000
12-00-00_01-01-2000,156.0,-58.745,4.10846,0.0000
12-00-00_01-01-2000,156.0,-63.4312,4.12322,0.0000
12-00-00_01-01-2000,156.0,-68.1175,4.19004,0.0000
12-00-00_01-01-2000,156.0,-72.8037,4.66591,0.0000
12-00-00_01-01-2000,156.0,-77.49,4.08668,0.0000
12-00-00_01-01-2000,171.0,-40.0,3.367,0.0000
12-00-00_01-01-2000,171.0,-44.6863,3.6372,0.0000
12-00-00_01-01-2000,171.0,-49.3725,3.76364,0.0000
12-00-00_01-01-2000,171.0,-54.0587,3.92442,0.0000
12-00-00_01-01-2000,171.0,-58.745,3.98569,0.0000
12-00-00_01-01-2000,171.0,-63.4312,4.07627,0.0000
12-00-00_01-01-2000,171.0,-68.1175,4.16021,0.0000
12-00-00_01-01-2000,171.0,-72.8037,4.16314,0.0000
12-00-00_01-01-2000,171.0,-77.49,4.22041,0.0000
12-00-00_01-01-2000,187.0,-40.0,3.08161,0.0000
12-00-00_01-01-2000,187.0,-44.6863,3.34797,0.0000
12-00-00_01-01-2000,187.0,-49.3725,3.5961,0.0000
12-00-00_01-01-2000,187.0,-54.0587,3.75857,0.0000
12-00-00_01-01-2000,187.0,-58.745,3.27469,0.0000
12-00-00_01-01-2000,187.0,-63.4312,3.99976,0.0000
12-00-00_01-01-2000,187.0,-68.1175,4.05075,0.0000
12-00-00_01-01-2000,187.0,-72.8037,4.12759,0.0000
12-00-00_01-01-2000,187.0,-77.49,4.19203,0.0000
12-00-00_01-01-2000,203.0,-40.0,9.34003,0.0000
12-00-00_01-01-2000,203.0,-44.6863,3.07681,0.0000
12-00-00_01-01-2000,203.0,-49.3725,3.34941,0.0000
12-00-00_01-01-2000,203.0,-54.0587,3.61169,0.0000
12-00-00_01-01-2000,203.0,-58.745,3.75497,0.0000
12-00-00_01-01-2000,203.0,-63.4312,3.9075,0.0000
12-00-00_01-01-2000,203.0,-68.1175,3.97768,0.0000
12-00-00_01-01-2000,203.0,-72.8037,4.09429,0.0000
12-00-00_01-01-2000,203.0,-77.49,4.14573,0.0000
12-00-00_01-01-2000,218.0,-40.0,1000.33,0.0000
12-00-00_01-01-2000,218.0,-44.6863,9.33165,0.0000
12-00-00_01-01-2000,218.0,-49.3725,11.1402,0.0000
12-00-00_01-01-2000,218.0,-54.0587,3.34708,0.0000
12-00-00_01-01-2000,218.0,-58.745,3.32129,0.0000
12-00-00_01-01-2000,218.0,-63.4312,3.74885,0.0000
12-00-00_01-01-2000,218.0,-68.1175,3.89882,0.0000
12-00-00_01-01-2000,218.0,-72.8037,4.01366,0.0000
12-00-00_01-01-2000,218.0,-77.49,4.05892,0.0000
12-00-00_01-01-2000,234.0,-40.0,1000.33,0.0000
12-00-00_01-01-2000,234.0,-44.6863,1000.33,0.0000
12-00-00_01-01-2000,234.0,-49.3725,9.3328,0.0000
12-00-00_01-01-2000,234.0,-54.0587,5.78503,0.0000
12-00-00_01-01-2000,234.0,-58.745,3.30646,0.0000
12-00-00_01-01-2000,234.0,-63.4312,3.58919,0.0000
12-00-00_01-01-2000,234.0,-68.1175,3.73677,0.0000
12-00-00_01-01-2000,234.0,-72.8037,3.85992,0.0000
12-00-00_01-01-2000,234.0,-77.49,3.94279,0.0000
12-00-00_01-01-2000,250.0,-40.0,1000.33,0.0000
12-00-00_01-01-2000,250.0,-44.6863,1000.34,0.0000
12-00-00_01-01-2000,250.0,-49.3725,1000.33,0.0000
12-00-00_01-01-2000,250.0,-54.0587,9.3352,0.0000
12-00-00_01-01-2000,250.0,-58.745,6.38574,0.0000
12-00-00_01-01-2000,250.0,-63.4312,7.57498,0.0000
12-00-00_01-01-2000,250.0,-68.1175,3.50587,0.0000
12-00-00_01-01-2000,250.0,-72.8037,3.68265,0.0000
12-00-00_01-01-2000,250.0,-77.49,3.83454,0.0000
