12-00-00_01-01-2000,-25.0,-40.0,6.81347,0.0000
12-00-00_01-01-2000,-25.0,-33.75,6.71473,0.0000
12-00-00_01-01-2000,-25.0,-27.5,6.74537,0.0000
12-00-00_01-01-2000,-25.0,-21.25,6.07938,0.0000
12-00-00_01-01-2000,-25.0,-15.0,6.14544,0.0000
12-00-00_01-01-2000,-25.0,-8.75,6.14866,0.0000
12-00-00_01-01-2000,-25.0,-2.5,5.86522,0.0000
12-00-00_01-01-2000,-25.0,3.75,5.25319,0.0000
12-00-00_01-01-2000,-25.0,10.0,4.81449,0.0000
12-00-00_01-01-2000,-9.0,-40.0,5.93382,0.0000
12-00-00_01-01-2000,-9.0,-33.75,5.48998,0.0000
12-00-00_01-01-2000,-9.0,-27.5,5.64515,0.0000
12-00-00_01-01-2000,-9.0,-21.25,5.32726,0.0000
12-00-00_01-01-2000,-9.0,-15.0,5.26491,0.0000
12-00-00_01-01-2000,-9.0,-8.75,5.24999,0.0000
12-00-00_01-01-2000,-9.0,-2.5,5.15893,0.0000
12-00-00_01-01-2000,-9.0,3.75,4.84823,0.0000
12-00-00_01-01-2000,-9.0,10.0,3.3002,0.0000
12-00-00_01-01-2000,6.0,-40.0,5.35838,0.0000
12-00-00_01-01-2000,6.0,-33.75,5.32341,0.0000
12-00-00_01-01-2000,6.0,-27.5,5.33336,0.0000
12-00-00_01-01-2000,6.0,-21.25,5.20116,0.0000
12-00-00_01-01-2000,6.0,-15.0,5.17639,0.0000
12-00-00_01-01-2000,6.0,-8.75,5.04611,0.0000
12-00-00_01-01-2000,6.0,-2.5,4.62528,0.0000
12-00-00_01-01-2000,6.0,3.75,3.62744,0.0000
12-00-00_01-01-2000,6.0,10.0,2.71659,0.0000
12-00-00_01-01-2000,21.0,-40.0,15.9242,0.0000
12-00-00_01-01-2000,21.0,-33.75,15.7094,0.0000
12-00-00_01-01-2000,21.0,-27.5,5.17975,0.0000
12-00-00_01-01-2000,21.0,-21.25,5.0761,0.0000
12-00-00_01-01-2000,21.0,-15.0,4.92862,0.0000
12-00-00_01-01-2000,21.0,-8.75,4.40768,0.0000
12-00-00_01-01-2000,21.0,-2.5,3.66343,0.0000
12-00-00_01-01-2000,21.0,3.75,2.2622,0.0000
12-00-00_01-01-2000,21.0,10.0,3.59939,0.0000
12-00-00_01-01-2000,37.0,-40.0,5.15654,0.0000
12-00-00_01-01-2000,37.0,-33.75,5.03765,0.0000
12-00-00_01-01-2000,37.0,-27.5,4.98283,0.0000
12-00-00_01-01-2000,37.0,-21.25,4.82603,0.0000
12-00-00_01-01-2000,37.0,-15.0,3.99497,0.0000
12-00-00_01-01-2000,37.0,-8.75,3.16817,0.0000
12-00-00_01-01-2000,37.0,-2.5,2.83788,0.0000
12-00-00_01-01-2000,37.0,3.75,3.18476,0.0000
12-00-00_01-01-2000,37.0,10.0,3.7831,0.0000
12-00-00_01-01-2000,53.0,-40.0,5.01342,0.0000
12-00-00_01-01-2000,53.0,-33.75,4.92674,0.0000
12-00-00_01-01-2000,53.0,-27.5,4.79668,0.0000
12-00-00_01-01-2000,53.0,-21.25,3.47428,0.0000
12-00-00_01-01-2000,53.0,-15.0,3.19708,0.0000
12-00-00_01-01-2000,53.0,-8.75,3.19389,0.0000
12-00-00_01-01-2000,53.0,-2.5,2.9904,0.0000
12-00-00_01-01-2000,53.0,3.75,3.73516,0.0000
12-00-00_01-01-2000,53.0,10.0,20.0,0.0000
12-00-00_01-01-2000,68.0,-40.0,9.12251,0.0000
12-00-00_01-01-2000,68.0,-33.75,3.62941,0.0000
12-00-00_01-01-2000,68.0,-27.5,3.4586,0.0000
12-00-00_01-01-2000,68.0,-21.25,3.55217,0.0000
12-00-00_01-01-2000,68.0,-15.0,3.46977,0.0000
12-00-00_01-01-2000,68.0,-8.75,3.24671,0.0000
12-00-00_01-01-2000,68.0,-2.5,3.25263,0.0000
12-00-00_01-01-2000,68.0,3.75,3.92822,0.0000
12-00-00_01-01-2000,68.0,10.0,20.0,0.0000
12-00-00_01-01-2000,84.0,-40.0,3.58246,0.0000
12-00-00_01-01-2000,84.0,-33.75,3.75796,0.0000
12-00-00_01-01-2000,84.0,-27.5,3.85155,0.0000
12-00-00_01-01-2000,84.0,-21.25,3.66068,0.0000
12-00-00_01-01-2000,84.0,-15.0,3.29834,0.0000
12-00-00_01-01-2000,84.0,-8.75,2.80333,0.0000
12-00-00_01-01-2000,84.0,-2.5,3.68733,0.0000
12-00-00_01-01-2000,84.0,3.75,4.03732,0.0000
12-00-00_01-01-2000,84.0,10.0,20.0,0.0000
12-00-00_01-01-2000,100.0,-40.0,3.90091,0.0000
12-00-00_01-01-2000,100.0,-33.75,3.8727,0.0000
12-00-00_01-01-2000,100.0,-27.5,3.71555,0.0000
12-00-00_01-01-2000,100.0,-21.25,3.39879,0.0000
12-00-00_01-01-2000,100.0,-15.0,3.18507,0.0000
12-00-00_01-01-2000,100.0,-8.75,3.26834,0.0000
12-00-00_01-01-2000,100.0,-2.5,3.80478,0.0000
12-00-00_01-01-2000,100.0,3.75,20.0,0.0000
12-00-00_01-01-2000,100.0,10.0,20.0,0.0000
