3-48-43_12-21-2022,0.12,0.001,0.000000,0.053265
4-4-18_12-21-2022,0.12,0.003,0.000000,0.268323
4-19-52_12-21-2022,0.12,0.005,0.000000,-0.196232
4-35-34_12-21-2022,0.12,0.007,0.000000,-0.215138
4-51-10_12-21-2022,0.12,0.01,0.000000,-0.452837
3-48-43_12-21-2022,0.42,0.001,0.023662,0.053265
4-4-18_12-21-2022,0.42,0.003,0.202512,0.268323
4-19-52_12-21-2022,0.42,0.005,0.060989,-0.196232
4-35-34_12-21-2022,0.42,0.007,0.080350,-0.215138
4-51-10_12-21-2022,0.42,0.01,0.041189,-0.452837
5-6-43_12-21-2022,0.62,0.001,0.136724,0.489726
5-22-16_12-21-2022,0.62,0.003,0.349599,1.355843
5-37-47_12-21-2022,0.62,0.005,0.032992,-0.200238
5-53-21_12-21-2022,0.62,0.007,0.173011,0.027273
6-8-55_12-21-2022,0.62,0.01,0.179687,0.038829
6-24-29_12-21-2022,0.72,0.001,0.055177,-0.035910
6-40-1_12-21-2022,0.72,0.003,0.394235,1.411729
6-55-33_12-21-2022,0.72,0.005,0.060231,-0.372223
7-11-29_12-21-2022,0.72,0.007,0.074818,-0.261318
7-27-7_12-21-2022,0.72,0.01,0.104226,-0.359606
7-42-40_12-21-2022,0.92,0.001,0.084025,0.117990
7-58-13_12-21-2022,0.92,0.003,0.329059,1.415309
8-14-5_12-21-2022,0.92,0.005,0.116985,0.378971
8-29-40_12-21-2022,0.92,0.007,0.147056,0.195465
8-45-27_12-21-2022,0.92,0.01,0.138776,-0.148836
