5-44-47_11-7-2022,0.12,0.001,0.157752,0.467967
5-53-16_11-7-2022,0.12,0.003,0.200675,1.245325
6-1-56_11-7-2022,0.12,0.005,0.138658,0.958277
6-9-49_11-7-2022,0.12,0.007,0.104217,0.620305
6-17-56_11-7-2022,0.12,0.01,0.174360,1.252436
6-27-41_11-7-2022,0.42,0.001,0.144432,0.571647
6-37-29_11-7-2022,0.42,0.003,0.166801,0.905810
6-47-37_11-7-2022,0.42,0.005,0.270602,1.224171
6-57-51_11-7-2022,0.42,0.007,0.281922,1.271543
7-8-1_11-7-2022,0.42,0.01,0.282532,1.343594
7-17-60_11-7-2022,0.62,0.001,0.126227,0.066164
7-28-16_11-7-2022,0.62,0.003,0.186501,1.292534
7-38-21_11-7-2022,0.62,0.005,0.281516,1.289308
7-48-24_11-7-2022,0.62,0.007,0.302758,1.370246
7-58-27_11-7-2022,0.62,0.01,0.284862,1.220898
8-8-24_11-7-2022,0.72,0.001,0.067676,-0.019937
8-18-40_11-7-2022,0.72,0.003,0.172847,1.122993
8-28-42_11-7-2022,0.72,0.005,0.216471,1.297790
8-38-52_11-7-2022,0.72,0.007,0.266165,1.324010
8-49-10_11-7-2022,0.72,0.01,0.187388,1.143252
8-59-18_11-7-2022,0.92,0.001,0.088093,-0.064281
9-9-40_11-7-2022,0.92,0.003,0.154812,0.960146
9-19-51_11-7-2022,0.92,0.005,0.154992,0.670758
9-30-5_11-7-2022,0.92,0.007,0.062814,-0.159566
9-40-28_11-7-2022,0.92,0.01,0.147547,0.564212
