12-00-00_01-01-2000,-65.0,-3.1667,18.5599,0.0000
12-00-00_01-01-2000,-65.0,0.0,18.5226,0.0000
12-00-00_01-01-2000,-65.0,3.1667,18.4776,0.0000
12-00-00_01-01-2000,-65.0,6.3333,18.4265,0.0000
12-00-00_01-01-2000,-65.0,9.5,18.371,0.0000
12-00-00_01-01-2000,-65.0,11.69,18.3253,0.0000
12-00-00_01-01-2000,-65.0,15.8333,18.2261,0.0000
12-00-00_01-01-2000,-65.0,19.0,18.1301,0.0000
12-00-00_01-01-2000,-65.0,22.1667,18.0079,0.0000
12-00-00_01-01-2000,-50.0,-3.1667,18.017,0.0000
12-00-00_01-01-2000,-50.0,0.0,17.9472,0.0000
12-00-00_01-01-2000,-50.0,3.1667,17.8731,0.0000
12-00-00_01-01-2000,-50.0,6.3333,17.7834,0.0000
12-00-00_01-01-2000,-50.0,9.5,6.9933,0.0000
12-00-00_01-01-2000,-50.0,11.69,6.80208,0.0000
12-00-00_01-01-2000,-50.0,15.8333,6.80488,0.0000
12-00-00_01-01-2000,-50.0,19.0,6.89528,0.0000
12-00-00_01-01-2000,-50.0,22.1667,6.19099,0.0000
12-00-00_01-01-2000,-35.0,-3.1667,6.93726,0.0000
12-00-00_01-01-2000,-35.0,0.0,6.21793,0.0000
12-00-00_01-01-2000,-35.0,3.1667,6.24643,0.0000
12-00-00_01-01-2000,-35.0,6.3333,5.99268,0.0000
12-00-00_01-01-2000,-35.0,9.5,5.66397,0.0000
12-00-00_01-01-2000,-35.0,11.69,5.38148,0.0000
12-00-00_01-01-2000,-35.0,15.8333,4.79653,0.0000
12-00-00_01-01-2000,-35.0,19.0,4.33024,0.0000
12-00-00_01-01-2000,-35.0,22.1667,12.6988,0.0000
12-00-00_01-01-2000,-20.0,-3.1667,5.43665,0.0000
12-00-00_01-01-2000,-20.0,0.0,5.14166,0.0000
12-00-00_01-01-2000,-20.0,3.1667,5.16257,0.0000
12-00-00_01-01-2000,-20.0,6.3333,4.81666,0.0000
12-00-00_01-01-2000,-20.0,9.5,4.62641,0.0000
12-00-00_01-01-2000,-20.0,11.69,3.34028,0.0000
12-00-00_01-01-2000,-20.0,15.8333,7.38418,0.0000
12-00-00_01-01-2000,-20.0,19.0,3.95064,0.0000
12-00-00_01-01-2000,-20.0,22.1667,6.22295,0.0000
12-00-00_01-01-2000,-5.0,-3.1667,5.0775,0.0000
12-00-00_01-01-2000,-5.0,0.0,4.96484,0.0000
12-00-00_01-01-2000,-5.0,3.1667,4.69457,0.0000
12-00-00_01-01-2000,-5.0,6.3333,3.56781,0.0000
12-00-00_01-01-2000,-5.0,9.5,3.10701,0.0000
12-00-00_01-01-2000,-5.0,11.69,3.56921,0.0000
12-00-00_01-01-2000,-5.0,15.8333,3.71574,0.0000
12-00-00_01-01-2000,-5.0,19.0,4.10761,0.0000
12-00-00_01-01-2000,-5.0,22.1667,19.0875,0.0000
12-00-00_01-01-2000,3.0,-3.1667,4.88423,0.0000
12-00-00_01-01-2000,3.0,0.0,4.2575,0.0000
12-00-00_01-01-2000,3.0,3.1667,4.06217,0.0000
12-00-00_01-01-2000,3.0,6.3333,2.35381,0.0000
12-00-00_01-01-2000,3.0,9.5,2.95946,0.0000
12-00-00_01-01-2000,3.0,11.69,2.90977,0.0000
12-00-00_01-01-2000,3.0,15.8333,3.96203,0.0000
12-00-00_01-01-2000,3.0,19.0,20.0,0.0000
12-00-00_01-01-2000,3.0,22.1667,19.1092,0.0000
12-00-00_01-01-2000,25.0,-3.1667,3.47311,0.0000
12-00-00_01-01-2000,25.0,0.0,2.51325,0.0000
12-00-00_01-01-2000,25.0,3.1667,2.29684,0.0000
12-00-00_01-01-2000,25.0,6.3333,3.00422,0.0000
12-00-00_01-01-2000,25.0,9.5,3.60979,0.0000
12-00-00_01-01-2000,25.0,11.69,3.8138,0.0000
12-00-00_01-01-2000,25.0,15.8333,20.0,0.0000
12-00-00_01-01-2000,25.0,19.0,20.0,0.0000
12-00-00_01-01-2000,25.0,22.1667,20.0,0.0000
12-00-00_01-01-2000,40.0,-3.1667,2.9497,0.0000
12-00-00_01-01-2000,40.0,0.0,2.6015,0.0000
12-00-00_01-01-2000,40.0,3.1667,3.18513,0.0000
12-00-00_01-01-2000,40.0,6.3333,3.51052,0.0000
12-00-00_01-01-2000,40.0,9.5,3.7801,0.0000
12-00-00_01-01-2000,40.0,11.69,20.0,0.0000
12-00-00_01-01-2000,40.0,15.8333,20.0,0.0000
12-00-00_01-01-2000,40.0,19.0,20.0,0.0000
12-00-00_01-01-2000,40.0,22.1667,20.0,0.0000
12-00-00_01-01-2000,55.0,-3.1667,2.97617,0.0000
12-00-00_01-01-2000,55.0,0.0,3.21693,0.0000
12-00-00_01-01-2000,55.0,3.1667,3.71332,0.0000
12-00-00_01-01-2000,55.0,6.3333,3.73913,0.0000
12-00-00_01-01-2000,55.0,9.5,20.0,0.0000
12-00-00_01-01-2000,55.0,11.69,20.0,0.0000
12-00-00_01-01-2000,55.0,15.8333,20.0,0.0000
12-00-00_01-01-2000,55.0,19.0,20.0,0.0000
12-00-00_01-01-2000,55.0,22.1667,20.0,0.0000
