Fitness: -7.367406368255615 0.62 0.005 11.69 -50.0 118.0 -10.0 -33.52 -39.52 21.48 209.0 -284.0 957.06 957.06
Fitness: -18.068532943725586 0.62 0.005 11.69 -50.0 118.0 -26.6667 -5.3733 -11.3733 38.1467 192.0 -227.0 957.06 957.06
Fitness: -7.1226043701171875 0.62 0.005 11.69 -50.0 118.0 -35.0 -8.52 -14.52 46.48 194.0 -290.0 957.06 957.06
Fitness: -6.820257186889648 0.62 0.005 11.69 -50.0 118.0 -43.3333 -0.1867 -6.1867 54.8133 210.0 -31.0 957.06 957.06
Fitness: -6.803843975067139 0.62 0.005 11.69 -50.0 118.0 -58.53 15.01 9.01 70.01 208.0 -177.0 957.06 957.06
Fitness: -6.811127662658691 0.62 0.005 11.69 -50.0 118.0 -63.064175 19.544175 13.544175 74.544175 205.0 -289.0 957.06 957.06
Fitness: -8.544702529907227 0.62 0.005 11.69 -50.0 118.0 -67.59835 24.07835 18.07835 79.07835 209.0 -147.0 957.06 957.06
Fitness: -5.477562427520752 0.62 0.005 11.69 -35.0 118.0 -10.0 -33.52 -39.52 21.48 196.0 -21.0 957.06 957.06
Fitness: -6.407527923583984 0.62 0.005 11.69 -35.0 118.0 -26.6667 -5.3733 -11.3733 38.1467 199.0 -29.0 957.06 957.06
Fitness: -5.813172817230225 0.62 0.005 11.69 -35.0 118.0 -35.0 -8.52 -14.52 46.48 210.0 -291.0 957.06 957.06
Fitness: -5.315066814422607 0.62 0.005 11.69 -35.0 118.0 -43.3333 -0.1867 -6.1867 54.8133 206.0 -30.0 957.06 957.06
Fitness: -5.383944511413574 0.62 0.005 11.69 -35.0 118.0 -58.53 15.01 9.01 70.01 198.0 -180.0 957.06 957.06
Fitness: -5.303146839141846 0.62 0.005 11.69 -35.0 118.0 -63.064175 19.544175 13.544175 74.544175 204.0 -291.0 957.06 957.06
Fitness: -7.1172614097595215 0.62 0.005 11.69 -35.0 118.0 -67.59835 24.07835 18.07835 79.07835 203.0 -158.0 957.06 957.06
Fitness: -4.683805465698242 0.62 0.005 11.69 -20.0 118.0 -10.0 -33.52 -39.52 21.48 197.0 -28.0 957.06 957.06
Fitness: -4.814188480377197 0.62 0.005 11.69 -20.0 118.0 -26.6667 -5.3733 -11.3733 38.1467 209.0 -26.0 957.06 957.06
Fitness: -5.044888973236084 0.62 0.005 11.69 -20.0 118.0 -35.0 -8.52 -14.52 46.48 200.0 -94.0 957.06 957.06
Fitness: -4.6760687828063965 0.62 0.005 11.69 -20.0 118.0 -43.3333 -0.1867 -6.1867 54.8133 191.0 -47.0 957.06 957.06
Fitness: -3.3415281772613525 0.62 0.005 11.69 -20.0 118.0 -58.53 15.01 9.01 70.01 206.0 -208.0 957.06 957.06
Fitness: -4.471545696258545 0.62 0.005 11.69 -20.0 118.0 -63.064175 19.544175 13.544175 74.544175 190.0 -291.0 957.06 957.06
Fitness: -13.157920837402344 0.62 0.005 11.69 -20.0 118.0 -67.59835 24.07835 18.07835 79.07835 190.0 -258.0 957.06 957.06
Fitness: -4.347239017486572 0.62 0.005 11.69 -5.0 118.0 -10.0 -33.52 -39.52 21.48 190.0 -31.0 957.06 957.06
Fitness: -3.5880017280578613 0.62 0.005 11.69 -5.0 118.0 -26.6667 -5.3733 -11.3733 38.1467 208.0 -24.0 957.06 957.06
Fitness: -4.264766693115234 0.62 0.005 11.69 -5.0 118.0 -35.0 -8.52 -14.52 46.48 200.0 -41.0 957.06 957.06
Fitness: -3.7033746242523193 0.62 0.005 11.69 -5.0 118.0 -43.3333 -0.1867 -6.1867 54.8133 190.0 -48.0 957.06 957.06
Fitness: -3.568540334701538 0.62 0.005 11.69 -5.0 118.0 -58.53 15.01 9.01 70.01 206.0 -249.0 957.06 957.06
Fitness: -6.197048664093018 0.62 0.005 11.69 -5.0 118.0 -63.064175 19.544175 13.544175 74.544175 194.0 -285.0 957.06 957.06
Fitness: -14.293681144714355 0.62 0.005 11.69 -5.0 118.0 -67.59835 24.07835 18.07835 79.07835 205.0 -235.0 957.06 957.06
Fitness: -4.22038459777832 0.62 0.005 11.69 3.0 118.0 -10.0 -33.52 -39.52 21.48 205.0 -25.0 957.06 957.06
Fitness: -3.599909782409668 0.62 0.005 11.69 3.0 118.0 -26.6667 -5.3733 -11.3733 38.1467 192.0 -31.0 957.06 957.06
Fitness: -3.5124268531799316 0.62 0.005 11.69 3.0 118.0 -35.0 -8.52 -14.52 46.48 194.0 -41.0 957.06 957.06
Fitness: -3.1775341033935547 0.62 0.005 11.69 3.0 118.0 -43.3333 -0.1867 -6.1867 54.8133 193.0 -58.0 957.06 957.06
Fitness: -2.909766912460327 0.62 0.005 11.69 3.0 118.0 -58.53 15.01 9.01 70.01 210.0 -257.0 957.06 957.06
Fitness: -4.180489540100098 0.62 0.005 11.69 3.0 118.0 -63.064175 19.544175 13.544175 74.544175 210.0 -286.0 957.06 957.06
Fitness: -1006.6067504882812 0.62 0.005 11.69 3.0 118.0 -67.59835 24.07835 18.07835 79.07835 204.0 -287.0 957.06 957.06
Fitness: -3.8361809253692627 0.62 0.005 11.69 25.0 118.0 -10.0 -33.52 -39.52 21.48 205.0 -20.0 957.06 957.06
Fitness: -2.4001455307006836 0.62 0.005 11.69 25.0 118.0 -26.6667 -5.3733 -11.3733 38.1467 197.0 -38.0 957.06 957.06
Fitness: -2.473379611968994 0.62 0.005 11.69 25.0 118.0 -35.0 -8.52 -14.52 46.48 192.0 -49.0 957.06 957.06
Fitness: -1.98223876953125 0.62 0.005 11.69 25.0 118.0 -43.3333 -0.1867 -6.1867 54.8133 194.0 -62.0 957.06 957.06
Fitness: -3.8138046264648438 0.62 0.005 11.69 25.0 118.0 -58.53 15.01 9.01 70.01 210.0 -289.0 957.06 957.06
Fitness: -1000.0346069335938 0.62 0.005 11.69 25.0 118.0 -63.064175 19.544175 13.544175 74.544175 207.0 -296.0 957.06 957.06
Fitness: -1006.7384643554688 0.62 0.005 11.69 25.0 118.0 -67.59835 24.07835 18.07835 79.07835 191.0 -151.0 957.06 957.06
Fitness: -3.5608601570129395 0.62 0.005 11.69 40.0 118.0 -10.0 -33.52 -39.52 21.48 193.0 -34.0 957.06 957.06
Fitness: -2.364222526550293 0.62 0.005 11.69 40.0 118.0 -26.6667 -5.3733 -11.3733 38.1467 206.0 -47.0 957.06 957.06
Fitness: -2.3264403343200684 0.62 0.005 11.69 40.0 118.0 -35.0 -8.52 -14.52 46.48 210.0 -40.0 957.06 957.06
Fitness: -2.3366308212280273 0.62 0.005 11.69 40.0 118.0 -43.3333 -0.1867 -6.1867 54.8133 209.0 -50.0 957.06 957.06
Fitness: -1000.0178833007812 0.62 0.005 11.69 40.0 118.0 -58.53 15.01 9.01 70.01 198.0 -275.0 957.06 957.06
Fitness: -1000.033203125 0.62 0.005 11.69 40.0 118.0 -63.064175 19.544175 13.544175 74.544175 205.0 -286.0 957.06 957.06
Fitness: -1007.8541259765625 0.62 0.005 11.69 40.0 118.0 -67.59835 24.07835 18.07835 79.07835 190.0 -13.0 957.06 957.06
