Fitness: -3.4028234663852886E38 0.62 0.005 11.69 3.0 5.0 -58.53 15.01 9.01 50.0 199.0 -188.0 957.06 957.06
Fitness: -3.4028234663852886E38 0.62 0.005 11.69 3.0 5.0 -58.53 15.01 9.01 58.3333 195.0 -269.0 957.06 957.06
Fitness: -3.4028234663852886E38 0.62 0.005 11.69 3.0 5.0 -58.53 15.01 9.01 66.6667 200.0 -165.0 957.06 957.06
Fitness: -3.4028234663852886E38 0.62 0.005 11.69 3.0 5.0 -58.53 15.01 9.01 70.01 193.0 -171.0 957.06 957.06
Fitness: -3.4028234663852886E38 0.62 0.005 11.69 3.0 5.0 -58.53 15.01 9.01 83.3333 206.0 -216.0 957.06 957.06
Fitness: -3.4028234663852886E38 0.62 0.005 11.69 3.0 5.0 -58.53 15.01 9.01 91.6667 200.0 -87.0 957.06 957.06
Fitness: -3.4028234663852886E38 0.62 0.005 11.69 3.0 5.0 -58.53 15.01 9.01 100.0 205.0 -300.0 957.06 957.06
Fitness: -3.3370110988616943 0.62 0.005 11.69 3.0 54.0 -58.53 15.01 9.01 50.0 196.0 -130.0 957.06 957.06
Fitness: -3.311028003692627 0.62 0.005 11.69 3.0 54.0 -58.53 15.01 9.01 58.3333 198.0 -128.0 957.06 957.06
Fitness: -3.2414302825927734 0.62 0.005 11.69 3.0 54.0 -58.53 15.01 9.01 66.6667 201.0 -130.0 957.06 957.06
Fitness: -3.225550651550293 0.62 0.005 11.69 3.0 54.0 -58.53 15.01 9.01 70.01 198.0 -129.0 957.06 957.06
Fitness: -3.1765658855438232 0.62 0.005 11.69 3.0 54.0 -58.53 15.01 9.01 83.3333 199.0 -134.0 957.06 957.06
Fitness: -3.14288592338562 0.62 0.005 11.69 3.0 54.0 -58.53 15.01 9.01 91.6667 203.0 -132.0 957.06 957.06
Fitness: -3.12870454788208 0.62 0.005 11.69 3.0 54.0 -58.53 15.01 9.01 100.0 206.0 -133.0 957.06 957.06
Fitness: -3.051692247390747 0.62 0.005 11.69 3.0 118.0 -58.53 15.01 9.01 50.0 195.0 -254.0 957.06 957.06
Fitness: -2.9548490047454834 0.62 0.005 11.69 3.0 118.0 -58.53 15.01 9.01 58.3333 204.0 -252.0 957.06 957.06
Fitness: -2.9044129848480225 0.62 0.005 11.69 3.0 118.0 -58.53 15.01 9.01 66.6667 210.0 -270.0 957.06 957.06
Fitness: -2.907548427581787 0.62 0.005 11.69 3.0 118.0 -58.53 15.01 9.01 70.01 210.0 -269.0 957.06 957.06
Fitness: -3.234978437423706 0.62 0.005 11.69 3.0 118.0 -58.53 15.01 9.01 83.3333 210.0 -255.0 957.06 957.06
Fitness: -3.300790309906006 0.62 0.005 11.69 3.0 118.0 -58.53 15.01 9.01 91.6667 208.0 -250.0 957.06 957.06
Fitness: -3.400064706802368 0.62 0.005 11.69 3.0 118.0 -58.53 15.01 9.01 100.0 210.0 -278.0 957.06 957.06
Fitness: -2.972771406173706 0.62 0.005 11.69 3.0 152.0 -58.53 15.01 9.01 50.0 210.0 -251.0 957.06 957.06
Fitness: -3.2825560569763184 0.62 0.005 11.69 3.0 152.0 -58.53 15.01 9.01 58.3333 210.0 -254.0 957.06 957.06
Fitness: -3.408374071121216 0.62 0.005 11.69 3.0 152.0 -58.53 15.01 9.01 66.6667 210.0 -294.0 957.06 957.06
Fitness: -3.473445177078247 0.62 0.005 11.69 3.0 152.0 -58.53 15.01 9.01 70.01 209.0 -266.0 957.06 957.06
Fitness: -3.5509073734283447 0.62 0.005 11.69 3.0 152.0 -58.53 15.01 9.01 83.3333 210.0 -298.0 957.06 957.06
Fitness: -3.5966897010803223 0.62 0.005 11.69 3.0 152.0 -58.53 15.01 9.01 91.6667 210.0 -298.0 957.06 957.06
Fitness: -3.5970399379730225 0.62 0.005 11.69 3.0 152.0 -58.53 15.01 9.01 100.0 209.0 -293.0 957.06 957.06
Fitness: -3.449181079864502 0.62 0.005 11.69 3.0 201.0 -58.53 15.01 9.01 50.0 209.0 -299.0 957.06 957.06
Fitness: -3.5724287033081055 0.62 0.005 11.69 3.0 201.0 -58.53 15.01 9.01 58.3333 207.0 -298.0 957.06 957.06
Fitness: -3.575486898422241 0.62 0.005 11.69 3.0 201.0 -58.53 15.01 9.01 66.6667 210.0 -287.0 957.06 957.06
Fitness: -3.6776158809661865 0.62 0.005 11.69 3.0 201.0 -58.53 15.01 9.01 70.01 209.0 -294.0 957.06 957.06
Fitness: -3.678004741668701 0.62 0.005 11.69 3.0 201.0 -58.53 15.01 9.01 83.3333 210.0 -258.0 957.06 957.06
Fitness: -3.694518566131592 0.62 0.005 11.69 3.0 201.0 -58.53 15.01 9.01 91.6667 210.0 -290.0 957.06 957.06
Fitness: -3.7340245246887207 0.62 0.005 11.69 3.0 201.0 -58.53 15.01 9.01 100.0 204.0 -282.0 957.06 957.06
Fitness: -3.8503003120422363 0.62 0.005 11.69 3.0 250.0 -58.53 15.01 9.01 50.0 210.0 -200.0 957.06 957.06
Fitness: -3.9522864818573 0.62 0.005 11.69 3.0 250.0 -58.53 15.01 9.01 58.3333 208.0 -213.0 957.06 957.06
Fitness: -3.948734998703003 0.62 0.005 11.69 3.0 250.0 -58.53 15.01 9.01 66.6667 210.0 -297.0 957.06 957.06
Fitness: -3.9741299152374268 0.62 0.005 11.69 3.0 250.0 -58.53 15.01 9.01 70.01 210.0 -163.0 957.06 957.06
Fitness: -4.016352653503418 0.62 0.005 11.69 3.0 250.0 -58.53 15.01 9.01 83.3333 210.0 -190.0 957.06 957.06
Fitness: -4.012948513031006 0.62 0.005 11.69 3.0 250.0 -58.53 15.01 9.01 91.6667 210.0 -106.0 957.06 957.06
Fitness: -4.001681804656982 0.62 0.005 11.69 3.0 250.0 -58.53 15.01 9.01 100.0 209.0 -253.0 957.06 957.06
Fitness: -3.9422073364257812 0.62 0.005 11.69 3.0 300.0 -58.53 15.01 9.01 50.0 210.0 -130.0 957.06 957.06
Fitness: -3.959780693054199 0.62 0.005 11.69 3.0 300.0 -58.53 15.01 9.01 58.3333 210.0 -55.0 957.06 957.06
Fitness: -4.01450777053833 0.62 0.005 11.69 3.0 300.0 -58.53 15.01 9.01 66.6667 208.0 -47.0 957.06 957.06
Fitness: -4.0098557472229 0.62 0.005 11.69 3.0 300.0 -58.53 15.01 9.01 70.01 209.0 -51.0 957.06 957.06
Fitness: -3.994265079498291 0.62 0.005 11.69 3.0 300.0 -58.53 15.01 9.01 83.3333 210.0 -161.0 957.06 957.06
Fitness: -3.9945316314697266 0.62 0.005 11.69 3.0 300.0 -58.53 15.01 9.01 91.6667 210.0 -109.0 957.06 957.06
Fitness: -4.01962947845459 0.62 0.005 11.69 3.0 300.0 -58.53 15.01 9.01 100.0 194.0 -44.0 957.06 957.06
