Fitness: -9.570921897888184 0.62 0.005 0.0 3.0 118.0 -58.53 0.0 9.01 70.01 190.0 -216.0 957.06 957.06
Fitness: -4.588808536529541 0.62 0.005 3.1667 3.0 118.0 -58.53 0.0 9.01 70.01 191.0 -38.0 957.06 957.06
Fitness: -4.274136543273926 0.62 0.005 6.3333 3.0 118.0 -58.53 0.0 9.01 70.01 191.0 -17.0 957.06 957.06
Fitness: -3.761945962905884 0.62 0.005 9.5 3.0 118.0 -58.53 0.0 9.01 70.01 192.0 -16.0 957.06 957.06
Fitness: -3.6317081451416016 0.62 0.005 11.69 3.0 118.0 -58.53 0.0 9.01 70.01 191.0 -12.0 957.06 957.06
Fitness: -2.9211833477020264 0.62 0.005 15.8333 3.0 118.0 -58.53 0.0 9.01 70.01 194.0 -17.0 957.06 957.06
Fitness: -1000.0283813476562 0.62 0.005 19.0 3.0 118.0 -58.53 0.0 9.01 70.01 192.0 -17.0 957.06 957.06
Fitness: -4.989638328552246 0.62 0.005 0.0 3.0 118.0 -58.53 3.8333 9.01 70.01 193.0 -121.0 957.06 957.06
Fitness: -4.44060754776001 0.62 0.005 3.1667 3.0 118.0 -58.53 3.8333 9.01 70.01 190.0 -65.0 957.06 957.06
Fitness: -4.063234806060791 0.62 0.005 6.3333 3.0 118.0 -58.53 3.8333 9.01 70.01 191.0 -44.0 957.06 957.06
Fitness: -3.479793071746826 0.62 0.005 9.5 3.0 118.0 -58.53 3.8333 9.01 70.01 193.0 -32.0 957.06 957.06
Fitness: -3.233778715133667 0.62 0.005 11.69 3.0 118.0 -58.53 3.8333 9.01 70.01 193.0 -41.0 957.06 957.06
Fitness: -3.1199839115142822 0.62 0.005 15.8333 3.0 118.0 -58.53 3.8333 9.01 70.01 204.0 -44.0 957.06 957.06
Fitness: -1000.0238647460938 0.62 0.005 19.0 3.0 118.0 -58.53 3.8333 9.01 70.01 196.0 -51.0 957.06 957.06
Fitness: -4.836062431335449 0.62 0.005 0.0 3.0 118.0 -58.53 7.6667 9.01 70.01 190.0 -282.0 957.06 957.06
Fitness: -4.257225513458252 0.62 0.005 3.1667 3.0 118.0 -58.53 7.6667 9.01 70.01 190.0 -254.0 957.06 957.06
Fitness: -3.7462072372436523 0.62 0.005 6.3333 3.0 118.0 -58.53 7.6667 9.01 70.01 192.0 -110.0 957.06 957.06
Fitness: -3.109182834625244 0.62 0.005 9.5 3.0 118.0 -58.53 7.6667 9.01 70.01 193.0 -87.0 957.06 957.06
Fitness: -2.6754019260406494 0.62 0.005 11.69 3.0 118.0 -58.53 7.6667 9.01 70.01 197.0 -86.0 957.06 957.06
Fitness: -7.300144672393799 0.62 0.005 15.8333 3.0 118.0 -58.53 7.6667 9.01 70.01 197.0 -89.0 957.06 957.06
Fitness: -3.4976227283477783 0.62 0.005 19.0 3.0 118.0 -58.53 7.6667 9.01 70.01 201.0 -93.0 957.06 957.06
Fitness: -4.7137250900268555 0.62 0.005 0.0 3.0 118.0 -58.53 11.5 9.01 70.01 191.0 -31.0 957.06 957.06
Fitness: -4.329505443572998 0.62 0.005 3.1667 3.0 118.0 -58.53 11.5 9.01 70.01 190.0 -29.0 957.06 957.06
Fitness: -3.3099257946014404 0.62 0.005 6.3333 3.0 118.0 -58.53 11.5 9.01 70.01 190.0 -225.0 957.06 957.06
Fitness: -2.5715746879577637 0.62 0.005 9.5 3.0 118.0 -58.53 11.5 9.01 70.01 205.0 -180.0 957.06 957.06
Fitness: -2.984658718109131 0.62 0.005 11.69 3.0 118.0 -58.53 11.5 9.01 70.01 195.0 -158.0 957.06 957.06
Fitness: -3.729478359222412 0.62 0.005 15.8333 3.0 118.0 -58.53 11.5 9.01 70.01 201.0 -163.0 957.06 957.06
Fitness: -3.994635581970215 0.62 0.005 19.0 3.0 118.0 -58.53 11.5 9.01 70.01 196.0 -147.0 957.06 957.06
Fitness: -4.545580863952637 0.62 0.005 0.0 3.0 118.0 -58.53 15.0 9.01 70.01 190.0 -113.0 957.06 957.06
Fitness: -4.065579414367676 0.62 0.005 3.1667 3.0 118.0 -58.53 15.0 9.01 70.01 192.0 -112.0 957.06 957.06
Fitness: -2.364025831222534 0.62 0.005 6.3333 3.0 118.0 -58.53 15.0 9.01 70.01 191.0 -294.0 957.06 957.06
Fitness: -2.9492132663726807 0.62 0.005 9.5 3.0 118.0 -58.53 15.0 9.01 70.01 194.0 -278.0 957.06 957.06
Fitness: -2.906879425048828 0.62 0.005 11.69 3.0 118.0 -58.53 15.0 9.01 70.01 210.0 -267.0 957.06 957.06
Fitness: -3.960089921951294 0.62 0.005 15.8333 3.0 118.0 -58.53 15.0 9.01 70.01 202.0 -220.0 957.06 957.06
Fitness: -1000.0239868164062 0.62 0.005 19.0 3.0 118.0 -58.53 15.0 9.01 70.01 202.0 -196.0 957.06 957.06
Fitness: -4.2966766357421875 0.62 0.005 0.0 3.0 118.0 -58.53 19.1667 9.01 70.01 196.0 -221.0 957.06 957.06
Fitness: -3.4664840698242188 0.62 0.005 3.1667 3.0 118.0 -58.53 19.1667 9.01 70.01 190.0 -52.0 957.06 957.06
Fitness: -2.9782872200012207 0.62 0.005 6.3333 3.0 118.0 -58.53 19.1667 9.01 70.01 202.0 -13.0 957.06 957.06
Fitness: -3.5186216831207275 0.62 0.005 9.5 3.0 118.0 -58.53 19.1667 9.01 70.01 210.0 -170.0 957.06 957.06
Fitness: -3.8888776302337646 0.62 0.005 11.69 3.0 118.0 -58.53 19.1667 9.01 70.01 210.0 -294.0 957.06 957.06
Fitness: -13.438570976257324 0.62 0.005 15.8333 3.0 118.0 -58.53 19.1667 9.01 70.01 197.0 -288.0 957.06 957.06
Fitness: -13.927401542663574 0.62 0.005 19.0 3.0 118.0 -58.53 19.1667 9.01 70.01 190.0 -281.0 957.06 957.06
Fitness: -3.9303784370422363 0.62 0.005 0.0 3.0 118.0 -58.53 23.0 9.01 70.01 194.0 -220.0 957.06 957.06
Fitness: -2.6162705421447754 0.62 0.005 3.1667 3.0 118.0 -58.53 23.0 9.01 70.01 200.0 -53.0 957.06 957.06
Fitness: -2.922773599624634 0.62 0.005 6.3333 3.0 118.0 -58.53 23.0 9.01 70.01 210.0 -293.0 957.06 957.06
Fitness: -4.325688362121582 0.62 0.005 9.5 3.0 118.0 -58.53 23.0 9.01 70.01 210.0 -232.0 957.06 957.06
Fitness: -12.706140518188477 0.62 0.005 11.69 3.0 118.0 -58.53 23.0 9.01 70.01 200.0 -71.0 957.06 957.06
Fitness: -13.657130241394043 0.62 0.005 15.8333 3.0 118.0 -58.53 23.0 9.01 70.01 204.0 -212.0 957.06 957.06
Fitness: -1006.93603515625 0.62 0.005 19.0 3.0 118.0 -58.53 23.0 9.01 70.01 190.0 -10.0 957.06 957.06
