0.533596
0.457746
0.438038
0.408132
0.456989
0.418886
0.428415
0.423311
0.451661
0.426546
0.460912
0.434188
0.457923
0.446483
0.410757
0.382853
0.378134
0.392048
0.399491
0.397865
0.391780
0.401621
0.381113
0.396420
0.394344
0.403605
0.396991
0.410122
0.404390
0.436773
0.438849
0.448063
0.443898
0.456389
0.454633
0.428060
0.466085
0.423273
0.462223
0.508479
0.458444
0.402789
0.419585
0.401891
0.394326
0.388921
0.376505
0.390458
0.399778
0.396038
0.424823
0.423105
0.443664
0.418407
0.403282
0.381150
0.373104
0.361351
0.359604
0.380918
0.365222
0.393166
0.392881
0.387124
0.407464
0.390074
0.415092
0.428768
0.431832
0.437289
0.428723
0.448270
0.448780
0.449029
0.422855
0.437427
0.411045
0.423435
0.416120
0.472488
0.427053
0.381437
0.378452
0.371557
0.366035
0.361848
0.380728
0.346818
0.382063
0.375962
0.387355
0.399359
0.407779
0.392563
0.386836
0.378111
0.379149
0.340238
0.396915
0.359651
0.377169
0.355931
0.371231
0.356040
0.392623
0.402120
0.410933
0.418533
0.427386
0.430408
0.428319
0.437447
0.453524
0.453117
0.432385
0.422659
0.402795
0.379671
0.403809
0.441441
0.402767
0.353583
0.345894
0.350599
0.352865
0.350085
0.358645
0.351488
0.383176
0.374006
0.410865
0.385390
0.395650
0.385457
0.381632
0.370467
0.365955
0.374920
0.389647
0.383290
0.361885
0.359725
0.381383
0.385172
0.422503
0.414922
0.446071
0.427575
0.414628
0.427775
0.436040
0.457898
0.451069
0.458598
0.434284
0.434646
0.398350
0.404988
0.412155
0.437842
0.421955
0.396464
0.370409
0.380145
0.379339
0.398684
0.384391
0.384097
0.416685
0.391925
0.421447
0.379055
0.403109
0.383536
0.393881
0.388240
0.417312
0.411198
0.429665
0.392749
0.400537
0.376664
0.409324
0.409579
0.432491
0.430968
0.463086
0.426928
0.435931
0.433680
0.453743
0.465780
0.485742
0.471281
0.482051
0.458839
0.421448
0.414232
0.414625
0.444408
0.471918
0.443117
0.443420
0.418725
0.394900
0.406857
0.422500
0.428543
0.424206
0.398547
0.420350
0.400712
0.406954
0.390360
0.392436
0.401095
0.389913
0.418704
0.404787
0.392279
0.383048
0.392406
0.395751
0.428241
0.450198
0.443342
0.482106
0.485777
0.466033
0.470635
0.481621
0.489039
0.497026
0.502237
0.487465
0.489962
0.436233
0.429511
0.468060
0.494469
0.510222
0.466791
0.437203
0.432320
0.410415
0.442731
