19.858562
21.672401
17.022290
14.659063
16.129193
16.780818
17.541092
16.888651
15.167073
18.410942
15.081813
15.748309
16.515464
17.875463
18.317247
20.033141
18.690161
19.890106
18.560688
18.053905
15.656916
17.134029
18.204963
15.982948
19.025757
16.180497
17.417732
18.565777
18.459010
19.581710
19.448375
22.458065
20.964000
24.330215
23.559601
21.732493
23.344007
22.770467
16.601773
15.251985
18.566949
19.377056
18.608008
19.534516
19.917655
19.139007
18.079095
18.679453
17.376640
23.788845
23.481675
24.430414
24.856240
21.357305
19.616383
15.671133
19.648318
20.679161
21.747127
22.198475
16.788439
19.160056
16.048562
19.336279
19.318393
19.476056
17.691291
23.250917
21.897587
23.866569
25.680002
22.148876
23.371369
20.442007
15.935210
13.882274
16.719768
17.931631
20.917553
22.516852
23.551723
20.105408
21.674996
23.337463
19.904365
21.304191
19.408835
22.373220
20.415329
19.645549
16.324281
17.173772
16.933613
19.049491
22.260137
20.140242
19.240661
20.582910
17.211474
19.325915
19.605354
19.907172
18.919185
21.992950
20.059398
21.862379
22.102034
22.714682
23.381082
18.980525
18.871775
19.293867
27.768467
23.747752
22.825257
23.061731
22.851767
19.637521
22.302534
26.018233
22.712788
20.156349
20.018977
18.535856
20.576694
16.554946
15.265849
15.380581
18.163417
20.224713
20.258816
24.637747
21.351796
22.527115
19.540078
16.362403
16.534567
17.480296
16.336158
20.190045
19.629497
18.158653
20.115250
19.299045
22.602800
22.244671
20.733727
19.647881
22.339790
24.221871
20.673940
20.187329
21.401051
20.381370
19.765540
22.122015
23.544639
20.271635
22.036147
19.493396
20.344111
16.479334
16.285748
13.776475
17.197158
20.538116
23.363168
29.255672
25.496992
24.471792
22.067298
21.809328
21.263323
19.762019
17.834993
17.755928
17.287265
16.526363
21.502580
18.910780
22.655056
19.805021
21.549420
19.159587
25.104843
25.357401
21.410444
16.453284
18.017356
22.649070
28.704107
31.066966
33.410507
29.445981
28.550527
23.646632
21.389480
19.599480
19.285069
17.681670
21.377093
24.058011
24.722775
28.950122
27.040711
27.126745
27.027934
26.060927
22.088492
21.999980
20.714087
17.573240
16.769542
13.985234
16.590260
15.415228
17.587833
20.371991
19.224834
18.989316
22.287453
19.456292
18.858927
20.049365
22.750376
29.139754
35.196257
39.430123
39.245042
36.464710
31.815048
28.699385
26.211268
29.410623
27.708405
27.488721
26.611802
32.000892
24.087621
26.962024
24.586273
26.838891
26.592748
24.601104
21.966953
22.660921
21.098698
17.792388
16.862052
17.548034
15.064058
16.861483
18.412120
18.209220
20.894444
26.669654
29.821261
26.838134
21.335946
20.381154
25.261354
31.463622
38.012075
39.184789
40.114490
37.316270
39.605631
35.652008
33.260198
32.685295
33.132401
31.512118
34.470770
30.825414
26.456096
21.881676
20.686311
20.933280
21.370464
21.189722
24.511799
21.715645
18.897958
16.562135
17.828128
18.245899
18.114686
15.459187
19.546746
20.802472
25.870988
30.190843
27.882706
24.526564
21.961337
20.039763
23.079852
30.966734
36.507297
39.284035
35.550541
36.957486
44.844501
47.781989
44.977822
39.431546
33.882893
32.021387
35.800125
32.411607
29.173959
24.216545
20.703415
20.372980
19.689496
25.796903
29.006640
27.093628
22.226332
24.096410
21.007983
18.311014
15.688975
18.594538
22.783821
27.347527
35.268580
36.803493
34.459045
27.872957
24.092660
20.436023
19.666331
26.105900
30.063281
32.266001
30.428415
37.619901
50.311027
52.762000
53.072768
45.751221
43.405392
35.322686
34.304891
32.705123
32.260560
30.397565
22.886472
26.126419
26.082501
28.714917
31.510496
31.307993
28.354105
31.226944
30.652772
22.646654
23.826238
19.892555
18.045115
29.330308
38.367613
42.800513
39.143857
32.243900
27.112307
21.805894
21.679993
22.398084
26.321583
30.283787
25.525596
35.031072
45.714809
53.770350
52.479241
50.661805
48.165112
43.158357
36.504610
29.491591
32.152903
29.441445
23.914940
26.731155
25.778736
34.134095
40.091902
40.689279
35.004854
33.601419
29.903882
23.513206
21.080788
22.354462
18.468412
28.135760
37.994088
42.303000
39.596737
33.333755
30.447210
27.906965
25.620108
18.850128
24.833176
25.617624
29.438006
32.405432
37.063709
43.382918
47.126748
46.946733
49.732632
43.258494
37.490960
28.447758
25.077895
23.750287
24.591728
25.237800
27.999433
35.046136
44.970749
48.592405
42.358829
32.001423
28.368404
23.071264
23.988292
19.103092
16.906948
29.307301
38.158654
41.009542
39.066278
29.914888
39.777168
41.788436
37.051082
24.473057
21.455799
25.585879
29.076160
31.164713
29.252710
33.727928
36.734654
43.112639
46.940680
45.641920
40.599131
37.259410
34.122961
31.688675
25.242625
27.605464
27.057323
34.731912
44.174679
48.051756
44.173760
33.065409
25.188640
20.490973
19.532827
17.651293
20.663116
33.948136
41.051959
44.721003
38.249134
33.999473
46.082903
48.119993
44.778566
32.322915
24.566007
22.994653
29.115919
29.277462
29.267189
25.101099
32.696509
37.887294
45.346529
46.190323
47.654014
43.371443
36.370844
32.811402
34.676221
32.599760
33.994438
38.399142
42.140141
46.503951
40.611783
30.276874
24.677373
20.044721
19.000004
16.539195
16.550131
27.655175
34.556628
36.586006
32.345971
32.222897
43.045596
47.997614
43.281675
32.538195
24.980623
31.067748
30.375596
36.960335
38.437042
36.222511
31.401558
36.297836
39.265876
45.186172
45.141012
43.529127
35.605452
30.965057
30.746945
33.787440
35.209088
34.196766
38.251624
35.081056
28.188175
30.016916
24.330195
20.387957
17.771169
15.619189
20.821058
22.856679
29.807880
34.412862
35.929247
37.601218
36.030931
38.840554
35.691992
26.939992
30.861560
31.203382
34.316063
38.556809
41.802564
40.404383
39.010437
33.679337
38.243716
38.188487
43.947912
38.534416
37.226156
29.742050
31.306397
34.788693
35.311459
38.971826
35.357748
31.972768
32.592101
31.010870
25.242746
25.260820
19.290754
18.117099
20.155344
24.455828
32.560114
38.619046
38.875594
37.702155
32.413390
32.578389
27.562181
27.198191
28.525071
31.372566
32.029270
34.050983
39.135907
40.151645
36.420827
38.937874
37.708155
40.941044
39.233391
41.777151
42.858361
35.382704
34.524011
31.835158
37.112874
38.122126
37.828082
34.945741
31.733027
30.048558
21.656374
20.600723
15.843767
17.694155
19.200992
28.657133
37.142919
39.293205
38.668522
35.232837
35.704701
34.794449
31.747100
26.779318
29.676352
29.583484
33.298551
37.606841
37.280663
41.513501
39.725642
42.844659
45.911928
41.215436
39.582942
42.220829
42.380396
36.256139
37.379852
31.884742
37.063868
42.626680
43.151334
38.274796
29.426960
26.002280
23.991979
21.540863
22.170562
17.910044
19.918001
27.923578
34.455948
37.759124
31.308185
32.609323
36.023398
39.036765
35.096041
29.938924
31.369448
33.943221
38.433970
43.692549
44.742807
48.272089
46.354210
45.047056
42.025840
38.406821
32.801734
35.005196
36.430982
32.419370
33.524033
30.316666
33.450369
42.416000
41.496053
41.736836
29.712070
23.655353
27.910926
28.290576
24.606258
22.567722
23.134188
24.290892
31.284188
32.959727
37.588340
33.909331
39.577395
39.913084
40.152170
30.174327
30.952189
34.517368
38.011572
50.115841
49.031054
53.504600
50.140838
42.718264
38.588053
35.177219
35.174370
27.650445
24.445014
26.158511
31.936907
30.586319
34.582012
40.237831
40.778369
38.878993
29.047399
27.973285
35.261627
33.282531
33.116704
23.361642
23.073419
20.126637
26.794531
35.742157
39.201148
34.416817
38.864993
42.452390
43.301021
38.295029
31.077518
36.070344
38.321912
44.362374
44.504436
48.241852
45.386097
39.759052
37.174942
38.451844
35.854957
29.773527
25.221184
30.282410
33.227987
31.742420
35.714953
39.973230
40.274347
35.399089
25.886213
28.263594
33.500297
35.161482
30.109378
23.780332
22.680470
18.442251
38.032272
46.586326
55.791203
48.746426
41.070893
45.736506
47.551399
40.338562
34.350351
36.349190
34.909477
42.798547
43.165350
44.614103
44.202429
37.137971
34.984010
35.375533
34.917360
27.075761
25.663289
33.459663
34.245183
34.250631
32.067559
33.789320
33.910034
27.525841
25.962159
27.154695
35.696148
31.606561
30.863548
20.402431
22.136407
21.822533
31.553176
46.831228
49.834768
47.520389
37.715612
39.315191
44.840021
43.657423
40.705938
42.343228
39.620447
38.893705
41.980859
46.185520
42.996138
34.312255
28.554114
29.224437
29.503320
24.780740
32.207075
34.667176
40.275263
34.653955
29.493801
29.001220
25.896850
21.373512
23.574391
28.164992
28.998135
27.611633
23.513903
20.068824
22.120663
19.212304
35.981027
42.911081
51.973767
42.441259
33.918928
32.007432
37.511999
41.427950
47.268764
45.486996
43.995290
41.684378
45.078475
49.422427
40.546971
33.509620
34.289510
35.317500
36.062523
33.121769
33.238215
41.381057
42.499188
38.785579
34.369423
30.522030
24.572611
24.314648
28.876885
29.409921
28.884721
23.606734
20.185063
16.392032
17.087704
20.296881
21.025329
31.553805
31.157024
32.915648
24.993593
24.581149
33.818092
39.559486
43.075540
42.241778
40.739772
43.752259
45.145991
44.694625
36.536846
36.200733
41.340718
42.598121
39.515226
36.617977
33.605245
39.409003
41.311962
39.120450
38.195939
37.603144
30.734665
28.264564
31.338666
31.502864
26.395565
19.155950
16.159110
17.783409
18.598519
18.453231
26.155213
25.427282
33.345042
23.906204
25.186060
28.209346
30.600334
34.156691
38.459569
35.016743
38.023308
48.137302
45.878164
47.263201
38.495770
37.451303
45.204505
46.535855
41.373323
38.187257
35.070542
40.125797
38.147317
37.235078
37.700633
39.056172
30.979320
31.958454
35.923275
35.336305
30.268285
22.456532
19.349906
16.094795
19.954174
19.367260
19.165673
21.890180
27.890310
23.394912
33.688963
33.467531
38.107599
38.390146
39.174140
35.914342
42.150362
46.550029
44.477367
38.950318
34.451365
39.627477
43.379498
43.099928
39.112379
35.084569
35.293785
37.082858
34.232327
35.439171
35.838421
39.431723
31.946810
28.006514
33.858046
32.244624
30.985111
23.099506
16.290098
19.365886
22.560524
18.804476
26.392413
35.368690
39.405357
38.100823
36.674635
39.757630
34.533064
35.702264
36.426939
37.624449
42.629958
51.725100
45.302217
40.492679
38.655234
44.775950
45.884495
46.178803
38.207580
34.585226
35.986562
38.467056
37.098042
39.093877
38.559398
41.649352
37.169341
31.855539
28.916569
33.725368
31.440302
29.465408
24.357778
20.946237
17.278845
17.293092
32.737370
42.338436
47.743665
40.784671
37.934328
38.710980
34.537092
33.241099
40.872470
41.695847
43.414280
47.855199
44.955366
40.446737
38.988167
43.621726
45.656218
46.080719
37.176973
34.485973
37.490284
41.022227
43.293921
41.794537
35.382511
39.908208
36.949415
33.865026
26.228258
35.395949
39.019877
37.564008
28.185744
22.436680
17.905050
19.099858
33.806531
44.379940
47.248239
43.891392
38.005033
39.112911
30.557962
32.593870
39.786385
43.247110
41.922284
47.652595
43.654246
42.344199
37.536439
36.563867
38.911302
39.430761
31.725027
32.197109
34.874339
41.335654
39.446773
37.067915
31.528818
36.537729
35.425037
32.727535
30.672706
38.671387
41.422583
41.264744
33.274457
23.608755
15.911323
16.301793
27.274228
34.921872
37.564407
40.722604
43.235184
41.225281
32.323382
33.359707
39.004272
39.791220
41.051500
44.937978
42.760085
41.372417
39.581822
39.933112
39.255863
31.959611
31.128649
31.622260
35.632982
38.385616
35.851301
33.904050
30.637777
34.424298
34.414391
36.135923
34.931144
33.270146
36.133378
35.646283
28.976054
20.770821
12.971049
23.563769
36.859134
48.572972
47.527823
44.020402
42.355878
41.152207
34.768229
35.248080
36.908302
33.203369
33.957226
40.346585
38.724222
35.761280
44.035342
43.931567
43.547184
29.619495
24.288347
29.011175
31.609101
36.007677
31.894802
28.897831
30.707508
34.462250
34.545122
36.866421
34.279546
32.129305
29.079857
28.975412
22.182219
17.052122
14.458499
25.315358
41.598083
54.465773
56.415954
49.296730
42.844643
37.875479
39.378282
34.464062
39.987704
31.887930
36.309866
36.444047
38.532762
34.879331
40.565154
39.879154
42.129344
33.007121
39.044173
26.956392
32.293245
33.420701
30.849493
27.994759
31.809466
30.345162
31.442717
32.587578
30.685263
28.011546
27.373681
23.446511
18.587374
16.131138
19.827289
24.829696
38.556132
51.219777
52.758633
48.368526
36.805274
33.100492
29.035273
28.480679
29.923591
28.426298
29.779235
31.894302
34.481029
33.480308
30.483435
29.306597
29.989022
24.519774
22.486890
22.070099
22.877996
25.993199
22.090747
24.694589
32.279718
29.577946
29.864890
29.126714
25.000793
26.065389
28.350284
25.042301
19.867170
18.348900
19.629687
21.520527
28.593132
38.075713
41.539774
36.442058
27.944957
24.099588
23.055819
19.435989
23.904071
20.186683
26.052923
25.168141
29.959762
27.832782
24.880155
18.303845
23.425180
18.706736
24.843682
20.172766
20.753656
18.291654
17.115843
25.236267
26.719103
30.536328
26.141677
24.438926
20.791595
20.945452
23.037795
20.842471
16.295062
17.889392
19.828843
21.338720
19.677358
22.738001
23.324625
22.293424
17.372741
17.850297
16.825821
20.510214
16.699397
21.073146
18.430940
17.395128
18.734049
19.121279
19.748783
18.957960
22.387115
18.842358
17.569465
19.094978
20.078424
16.355651
17.436530
17.324769
21.808996
19.915639
20.479642
22.503965
21.703286
23.524543
23.136942
21.696676
22.563442
18.024014
