0.654550
0.646703
0.659261
0.635910
0.618082
0.608238
0.596660
0.611041
0.591929
0.555493
0.543269
0.503698
0.531752
0.525723
0.566223
0.554077
0.552613
0.524386
0.504330
0.539185
0.536578
0.549873
0.576384
0.596793
0.598121
0.617951
0.592337
0.595105
0.579180
0.550491
0.569552
0.549844
0.583583
0.564304
0.567361
0.575733
0.588920
0.621738
0.642385
0.656462
0.680523
0.616884
0.637971
0.626747
0.620245
0.606493
0.608040
0.571549
0.569956
0.537811
0.516760
0.490226
0.510644
0.532930
0.523425
0.538050
0.517394
0.532228
0.531023
0.527997
0.534045
0.563466
0.565761
0.580142
0.580773
0.565939
0.583474
0.570850
0.555361
0.543736
0.547130
0.542508
0.574889
0.554275
0.574913
0.544305
0.623708
0.584361
0.647381
0.592034
0.669781
0.636299
0.660961
0.631440
0.627857
0.608242
0.613705
0.571177
0.577049
0.527891
0.511663
0.483809
0.551239
0.488875
0.535125
0.517781
0.526271
0.521897
0.508475
0.543399
0.523768
0.511535
0.533441
0.536021
0.549923
0.553855
0.552127
0.532354
0.543370
0.550246
0.537214
0.544070
0.522865
0.563865
0.543643
0.578169
0.585780
0.606129
0.632174
0.652926
0.672481
0.647390
0.641438
0.615908
0.575172
0.577977
0.586269
0.554639
0.599016
0.532271
0.527302
0.489478
0.520469
0.494614
0.544045
0.521612
0.511061
0.513721
0.534159
0.518645
0.524737
0.513571
0.525524
0.524731
0.542107
0.549637
0.542626
0.547744
0.535462
0.529783
0.555328
0.565780
0.562020
0.579105
0.575076
0.545738
0.620519
0.598036
0.643760
0.636572
0.683692
0.677399
0.667467
0.633916
0.623416
0.592263
0.605020
0.597249
0.576836
0.561094
0.562065
0.546385
0.564125
0.534637
0.581040
0.532508
0.563247
0.563865
0.567351
0.552947
0.545460
0.510580
0.551574
0.522229
0.541384
0.523490
0.545655
0.562511
0.590214
0.562512
0.585654
0.611536
0.596529
0.608326
0.584131
0.616628
0.597249
0.652032
0.631802
0.653822
0.673968
0.687004
0.636098
0.647403
0.610160
0.605733
0.587653
0.564442
0.580765
0.525076
0.572701
0.532484
0.582547
0.537085
0.592039
0.554414
0.589460
0.564482
0.585797
0.500687
0.532019
0.520632
0.537017
0.529338
0.547282
0.530047
0.545450
0.564642
0.607724
0.561258
0.608549
0.607647
0.606500
0.612612
0.611556
0.588139
0.588216
0.575585
0.640469
0.645293
0.637318
0.653320
0.684589
0.621052
0.630549
0.573533
0.576766
0.577971
0.559446
0.557249
0.558989
0.560635
0.563448
0.578241
0.602236
0.580179
0.600876
0.548939
0.562203
0.509086
0.507064
0.498707
0.551921
0.526604
0.528265
0.532527
0.562423
0.547872
0.590060
0.591492
0.618567
0.630003
0.597951
0.596949
0.611827
0.594443
0.575799
0.578572
0.602161
0.621157
0.632817
0.644435
0.603063
0.620942
0.595888
0.582388
0.571360
0.580973
0.557271
0.564523
0.563588
0.548112
0.573613
0.563264
0.590447
0.605867
0.607124
0.570608
0.537290
0.500059
0.489967
0.482037
0.541645
0.511427
0.574366
0.522396
0.581160
0.545679
0.618567
0.553723
0.606765
0.587721
0.592261
0.596034
0.604513
0.556585
0.583402
0.567939
0.585540
0.597040
0.606876
0.576982
0.645981
0.605817
0.629504
0.622483
0.607164
0.583162
0.568342
0.581280
0.523925
0.552952
0.566569
0.568885
0.578116
0.585781
0.626811
0.552245
0.524304
0.465468
0.465347
0.467473
0.508753
0.511495
0.575307
0.589455
0.588751
0.572610
0.582123
0.595184
0.618759
0.623395
0.643665
0.609655
0.588562
0.566491
0.561872
0.571750
0.565927
0.574686
0.586891
0.594470
0.622681
0.622060
0.613197
0.608689
0.588278
0.572434
0.565547
0.554925
0.533583
0.523170
0.537081
0.540315
0.536390
0.579116
0.552496
0.560279
0.512646
0.517588
0.482364
0.476835
0.519127
0.513070
0.572719
0.557363
0.579018
0.519543
0.595469
0.561926
0.627798
0.599895
0.627171
0.570106
0.584400
0.533240
0.577725
0.527796
0.591426
0.556060
0.633443
0.610212
0.623496
0.609432
0.607320
0.615596
0.580107
0.592834
0.582173
0.542879
0.536169
0.499090
0.495955
0.520877
0.527631
0.544552
0.570376
0.552702
0.509148
0.516465
0.490848
0.492169
0.501484
0.519817
0.555387
0.577874
0.591072
0.594742
0.610715
0.606369
0.638263
0.630563
0.638096
0.585929
0.577757
0.547232
0.559757
0.563982
0.581468
0.589416
0.622611
0.581898
0.599176
0.585198
0.605024
0.583709
0.624765
0.596008
0.613478
0.534905
0.528424
0.509769
0.502555
0.494443
0.505099
0.543769
0.536199
0.543324
0.509988
0.493681
0.512694
0.525072
0.524918
0.526935
0.563779
0.537067
0.573185
0.574246
0.605041
0.622880
0.633966
0.640386
0.636579
0.600466
0.571558
0.520750
0.583737
0.545105
0.605353
0.563441
0.633488
0.614418
0.636811
0.590187
0.607677
0.620322
0.630188
0.640157
0.624838
0.558691
0.546276
0.496551
0.510839
0.476686
0.526769
0.497749
0.546066
0.529897
0.545764
0.535869
0.520226
0.524540
0.542637
0.532779
0.521348
0.552556
0.554649
0.588734
0.612737
0.634083
0.667800
0.665565
0.650564
0.607332
0.585092
0.569752
0.549043
0.567560
0.594789
0.628172
0.642955
0.611685
0.633379
0.611355
0.657084
0.602709
0.642373
0.600586
0.578326
0.541848
0.545429
0.502480
0.498034
0.475698
0.506884
0.489546
0.519899
0.497989
0.522013
0.507578
0.517499
0.522559
0.525735
0.521658
0.548999
0.507519
0.531482
0.533089
0.582967
0.590455
0.616809
0.642602
0.607158
0.623456
0.577226
0.570018
0.560091
0.562354
0.623722
0.589015
0.639250
0.647568
0.653389
0.632731
0.665554
0.630921
0.632790
0.608098
0.577431
0.544293
0.520411
0.490704
0.506192
0.502766
0.526332
0.508590
0.561151
0.524055
0.527090
0.516265
0.538613
0.534805
0.503322
0.517035
0.504022
0.509487
0.521380
0.507037
0.564542
0.574475
0.615244
0.624790
0.630738
0.610701
0.603580
0.585063
0.572874
0.577289
0.595420
0.658173
0.644967
0.630487
0.639214
0.635522
0.617852
0.614918
0.628073
0.604735
0.589583
0.511283
0.495850
0.466342
0.488929
0.479984
0.524820
0.495861
0.550585
0.474873
0.544975
0.508219
0.557120
0.512916
0.521136
0.499151
0.489673
0.481578
0.493586
0.479438
0.511006
0.540896
0.568550
0.605291
0.588536
0.614515
0.584337
0.605301
0.580451
0.554188
0.631609
0.610749
0.624612
0.636634
0.616181
0.625203
0.619873
0.594975
0.634647
0.642622
0.577786
0.524407
0.487768
0.484280
0.480565
0.496773
0.534235
0.524900
0.536544
0.539491
0.543577
0.551215
0.567845
0.528369
0.529152
0.488366
0.499305
0.492702
0.495222
0.476384
0.497110
0.517660
0.574126
0.593930
0.616420
0.627972
0.622797
0.587074
0.580110
0.593627
0.574032
0.617052
0.625412
0.595517
0.581072
0.604706
0.593480
0.601919
0.605097
0.588377
0.567611
0.511109
0.506266
0.484497
0.498851
0.471723
0.548623
0.524763
0.564527
0.516993
0.568026
0.548859
0.571092
0.513731
0.530517
0.482736
0.511340
0.464277
0.503782
0.445000
0.535647
0.488106
0.563380
0.558960
0.620630
0.603897
0.592273
0.566224
0.589170
0.565712
0.590730
0.594430
0.602780
0.600923
0.590183
0.551584
0.569153
0.569155
0.563743
0.604706
0.579918
0.534249
0.496194
0.498446
0.492230
0.528514
0.534778
0.569203
0.564188
0.587711
0.565857
0.589823
0.597322
0.535526
0.510521
0.465260
0.457188
0.471809
0.484764
0.490682
0.524564
0.534035
0.589627
0.586612
0.642732
0.593776
0.623288
0.607568
0.596083
0.593761
0.609063
0.610483
0.595741
0.551253
0.585146
0.545412
0.550593
0.549135
0.592519
0.586179
0.578371
0.524634
0.515011
0.496556
0.531150
0.519359
0.543698
0.553196
0.588399
0.563481
0.564368
0.594022
0.565877
0.551119
0.524994
0.470518
0.482258
0.475191
0.493536
0.469612
0.530386
0.515167
0.568012
0.571146
0.610946
0.605917
0.621012
0.585906
0.596748
0.577001
0.605543
0.570565
0.608039
0.569303
0.562492
0.576100
0.580573
0.569975
0.588167
0.595196
0.595735
0.575989
0.539181
0.540734
0.521792
0.525943
0.515488
0.538300
0.518933
0.543663
0.566430
0.548985
0.570951
0.562291
0.565843
0.523590
0.481516
0.495802
0.505763
0.509930
0.515184
0.558586
0.588986
0.601871
0.619299
0.621374
0.641085
0.607391
0.627356
0.582979
0.588208
0.594279
0.594343
0.553253
0.573002
0.564741
0.582184
0.566574
0.609634
0.591023
0.586033
0.542848
0.561068
0.520393
0.516281
0.527001
0.505443
0.512542
0.514642
0.504337
0.520747
0.521270
0.552526
0.531632
0.555163
0.522422
0.516271
0.522993
0.545115
0.525149
0.538811
0.529029
0.581881
0.613538
0.648083
0.659235
0.645321
0.625644
0.620821
0.592405
0.598540
0.577531
0.601709
0.562740
0.592541
0.558116
0.615087
0.574109
0.604522
0.600640
0.591762
0.579604
0.565931
0.528482
0.512260
0.499518
0.517412
0.491528
0.513130
0.489566
0.535998
0.501283
0.530773
0.542278
0.550108
0.568073
0.529478
0.511160
0.511362
0.548872
0.555546
0.582444
0.617718
0.641053
0.677225
0.653465
0.670788
0.609179
0.638405
0.610252
0.582658
0.569269
0.605619
0.550731
0.611166
0.586794
0.630117
0.577308
0.628682
0.557837
0.612033
0.564791
0.564477
0.526732
0.517760
0.486586
0.494473
0.469157
0.491964
0.478981
0.489811
0.457251
0.528483
0.523165
0.557665
0.544924
0.538679
0.518398
0.539104
0.510350
0.560248
0.540767
0.595809
0.616328
0.626952
0.637835
0.621243
0.600418
0.600074
0.588552
0.638282
0.578246
0.591433
0.585179
0.600078
0.608816
0.656566
0.632100
0.628944
0.642280
0.594815
0.566531
0.574559
0.504988
0.523597
0.468823
0.491376
0.482217
0.490112
0.493864
0.511638
0.501667
0.546534
0.539810
0.579238
0.562176
0.556041
0.516341
0.501909
0.520334
0.525303
0.545328
0.574952
0.573521
0.610204
0.590464
0.609872
0.612856
0.603548
0.624543
0.625665
0.605678
0.599874
0.590489
0.610090
0.617623
0.664594
0.607798
0.666896
0.604160
0.624369
0.587152
0.567023
0.508553
0.491933
0.467702
0.452864
0.450004
0.497239
0.445864
0.514157
0.492013
0.528005
0.503974
0.565938
0.522846
0.559895
0.542652
0.557174
0.511231
0.520012
0.510880
0.535681
0.537808
0.541249
0.558339
0.581269
0.584954
0.605540
0.615606
0.619638
0.615893
0.625719
0.600359
0.600806
0.623781
0.618983
0.647799
0.610868
0.663345
0.628660
0.607099
0.604962
0.541874
0.493773
0.477052
0.472384
0.473263
0.495442
0.475320
0.503835
0.498082
0.558794
0.520010
0.565570
0.542934
0.585339
0.561942
0.569355
0.511823
0.513285
0.503705
0.530662
0.501825
0.531061
0.524637
0.571677
0.569411
0.603616
0.617439
0.620817
0.626435
0.628035
0.619956
0.602280
0.621662
0.611804
0.633575
0.629467
0.631963
0.621641
0.581493
0.580108
0.543336
0.501781
0.472306
0.484809
0.454420
0.488352
0.466135
0.524124
0.499256
0.561032
0.531161
0.588179
0.545522
0.585698
0.535072
0.553197
0.499045
0.528691
0.500324
0.523155
0.521074
0.532024
0.512311
0.547915
0.546450
0.593708
0.584322
0.640558
0.596055
0.621179
0.633358
0.597496
0.615126
0.604968
0.620286
0.577932
0.618719
0.595747
0.585725
0.584021
0.542645
0.525159
0.491563
0.492843
0.495486
0.517851
0.525340
0.537891
0.542313
0.564011
0.561367
0.595235
0.557046
0.577389
0.543520
0.539057
0.487894
0.522280
0.509041
0.558010
0.535178
0.572360
0.549705
0.604103
0.571852
0.597606
0.602016
0.613355
0.626956
0.617608
0.601345
0.600928
0.588968
0.591523
0.565739
0.600357
0.551480
0.591495
0.582350
0.562365
0.557042
0.533987
0.532864
0.496280
0.509859
0.516396
0.542029
0.565948
0.545026
0.549631
0.569107
0.575986
0.588453
0.595482
0.556098
0.524079
0.483462
0.521904
0.502362
0.563560
0.556833
0.594617
0.548729
0.625096
0.580615
0.627145
0.587958
0.639657
0.613947
0.623158
0.572551
0.611725
0.566533
0.570044
0.554959
0.556271
0.580355
0.615999
0.599849
0.594577
0.587701
0.591551
0.560110
0.536277
0.524436
0.535365
0.549315
0.556743
0.559923
0.575192
0.574536
0.611251
0.590498
0.602921
0.577620
0.558533
0.513177
0.524937
0.524367
0.568108
0.563953
0.607878
0.585799
0.612959
0.611035
0.624480
0.630961
0.648837
0.601031
0.612372
0.553513
0.567684
0.529420
0.555241
0.516839
0.580906
0.550003
0.608042
0.577631
0.605597
0.567680
0.570220
0.565119
0.564826
0.551627
0.547886
0.557456
0.544611
0.530062
0.528040
0.553690
0.556199
0.534972
0.532826
0.545667
0.513257
0.523513
0.527057
0.532827
0.570798
0.584272
0.603840
0.597058
0.660333
0.590292
0.622910
0.597162
0.632448
0.585425
0.617334
0.551645
0.564695
0.509704
0.565746
0.537143
0.567327
0.576986
0.600532
0.576463
0.586295
0.575245
0.596400
0.558113
0.587658
0.546875
0.552914
0.556835
0.566151
0.488172
0.497256
0.474980
0.494148
0.502461
0.542929
0.515373
0.532468
0.546299
0.526958
0.581926
0.586354
0.603114
0.637629
0.651341
0.639021
0.635320
0.623169
0.652011
0.620504
0.611412
0.600253
0.564197
0.536556
0.504357
0.542294
0.539220
0.563989
0.572162
0.633177
0.567609
0.611947
0.562923
0.571749
0.558346
0.564043
0.535739
0.543358
0.555071
0.527284
0.469990
0.462099
0.467428
0.479031
0.479219
0.516277
0.520703
0.551209
0.557895
0.546583
0.581784
0.593040
0.651613
0.651828
0.661352
0.646816
0.613400
0.621732
0.599691
0.621481
0.602726
0.606785
0.574316
0.538873
0.526637
0.562524
0.571060
0.575704
0.610899
0.628025
0.621261
0.616178
0.588581
0.605937
0.570735
0.600727
0.545263
0.577601
0.541535
0.542403
0.479135
0.484013
0.476157
0.499600
0.508206
0.546656
0.531145
0.556977
0.558371
0.566025
0.580963
0.593090
0.655795
0.667692
0.656503
0.631140
0.622783
0.579590
0.614876
0.618501
0.602284
0.631850
0.596521
0.564017
0.539950
0.548089
0.540166
0.581059
0.556729
0.633720
0.590558
0.623894
0.582550
0.605645
0.570482
0.585851
0.560315
0.548579
0.490442
0.506491
0.484523
0.505355
0.472729
0.501309
0.487591
0.526404
0.507171
0.549880
0.510613
0.536598
0.561309
0.573626
0.595034
0.605692
0.608568
0.595581
0.562533
0.581375
0.574649
0.619356
0.619956
0.653184
0.629433
0.612203
0.551099
0.551428
0.562622
0.552887
0.606845
0.616898
0.637700
0.622212
0.622094
0.641702
0.599125
0.599701
0.558490
0.547585
0.508883
0.522971
0.483496
0.524815
0.473102
0.537828
0.510793
0.543846
0.513245
0.550722
0.535662
0.543212
0.546853
0.583473
0.567941
0.606120
0.567316
0.590581
0.579606
0.564300
0.592255
0.619508
0.645574
0.647941
0.644584
0.604634
0.608971
0.578954
0.565012
0.595694
0.605862
0.646874
0.642103
0.625302
0.602051
0.617411
0.605686
0.588883
0.562187
0.540302
0.508177
0.509354
0.483305
0.516921
0.492975
0.545318
0.516900
0.579468
0.520574
0.569853
0.552714
0.574949
0.551950
0.589519
0.568447
0.591172
0.545447
0.572822
0.547117
0.576556
0.557495
0.615157
0.610588
0.669578
0.654999
0.647220
0.614845
0.593815
0.614247
0.587947
0.623437
0.620502
0.616944
0.601380
0.591009
0.605312
0.582822
0.579144
0.572048
0.543360
0.540107
0.502216
0.501096
0.516426
0.538308
0.558337
0.549331
0.577008
0.547440
0.593446
0.578131
0.565244
0.546095
0.579361
0.572105
0.602716
0.565151
0.566745
0.552358
0.582048
0.599382
0.622012
0.655581
0.683987
0.621708
0.642628
0.613679
0.597229
0.610298
0.600581
0.597226
0.603062
0.554623
0.566913
0.557644
0.553242
0.571922
0.566730
0.576211
0.534925
0.554852
0.537441
0.541587
0.550930
0.546120
0.573209
0.566879
0.591194
0.555396
0.592298
0.572466
0.578196
0.552019
0.580925
0.562596
0.570204
0.549831
0.565544
0.524765
0.587404
0.559377
0.639654
0.630600
